,0,1,tau
0,1.0,1.4649737277560758e-24,55.024045959047065
1,1.0,1.4649737277560758e-24,55.024045959047065
2,1.0,1.4649737277560758e-24,55.024045959047065
3,1.0,1.4649737277560758e-24,55.024045959047065
4,1.0,1.4649737277560758e-24,55.024045959047065
5,1.0,1.4649737277560758e-24,55.024045959047065
6,1.0,1.4649737277560758e-24,55.024045959047065
7,1.0,1.4649737277560758e-24,55.024045959047065
8,1.0,1.4649737277560758e-24,55.024045959047065
9,1.0,1.4649737277560758e-24,55.024045959047065
10,1.0,1.4649737277560758e-24,55.024045959047065
11,1.0,1.4649737277560758e-24,55.024045959047065
12,1.0,1.4649737277560758e-24,55.024045959047065
13,1.0,1.4649737277560758e-24,55.024045959047065
14,1.0,1.4649737277560758e-24,55.024045959047065
15,1.0,1.4649737277560758e-24,55.024045959047065
16,1.0,1.4649737277560758e-24,55.024045959047065
17,1.0,1.4649737277560758e-24,55.024045959047065
18,1.0,1.4649737277560758e-24,55.024045959047065
19,1.0,1.4649737277560758e-24,55.024045959047065
20,1.0,1.4649737277560758e-24,55.024045959047065
21,1.0,1.4649737277560758e-24,55.024045959047065
22,1.0,1.4649737277560758e-24,55.024045959047065
23,1.0,1.4649737277560758e-24,55.024045959047065
24,1.0,1.4649737277560758e-24,55.024045959047065
25,1.0,1.4649737277560758e-24,55.024045959047065
26,1.0,1.4649737277560758e-24,55.024045959047065
27,1.0,1.4649737277560758e-24,55.024045959047065
28,1.0,1.4649737277560758e-24,55.024045959047065
29,1.0,1.4649737277560758e-24,55.024045959047065
30,1.0,1.4649737277560758e-24,55.024045959047065
31,1.0,1.4649737277560758e-24,55.024045959047065
32,1.0,1.4649737277560758e-24,55.024045959047065
33,1.0,1.4649737277560758e-24,55.024045959047065
34,1.0,1.4649737277560758e-24,55.024045959047065
35,1.0,1.4649737277560758e-24,55.024045959047065
36,1.0,1.4649737277560758e-24,55.024045959047065
37,1.0,1.4649737277560758e-24,55.024045959047065
38,1.0,1.4649737277560758e-24,55.024045959047065
39,1.0,1.4649737277560758e-24,55.024045959047065
40,1.0,1.4649737277560758e-24,55.024045959047065
41,1.0,1.4649737277560758e-24,55.024045959047065
42,1.0,1.4649737277560758e-24,55.024045959047065
43,1.0,1.4649737277560758e-24,55.024045959047065
44,1.0,1.4649737277560758e-24,55.024045959047065
45,1.0,1.4649737277560758e-24,55.024045959047065
46,1.0,1.4649737277560758e-24,55.024045959047065
47,1.0,1.4649737277560758e-24,55.024045959047065
48,1.0,1.4649737277560758e-24,55.024045959047065
49,1.0,1.4649737277560758e-24,55.024045959047065
50,1.0,1.4649737277560758e-24,55.024045959047065
51,1.0,1.4649737277560758e-24,55.024045959047065
52,1.0,1.4649737277560758e-24,55.024045959047065
53,1.0,1.4649737277560758e-24,55.024045959047065
54,1.0,1.4649737277560758e-24,55.024045959047065
55,1.0,1.4649737277560758e-24,55.024045959047065
56,1.0,1.4649737277560758e-24,55.024045959047065
57,1.0,1.4649737277560758e-24,55.024045959047065
58,1.0,1.4649737277560758e-24,55.024045959047065
59,1.0,1.4649737277560758e-24,55.024045959047065
60,1.0,1.4649737277560758e-24,55.024045959047065
61,1.0,1.4649737277560758e-24,55.024045959047065
62,1.0,1.4649737277560758e-24,55.024045959047065
63,1.0,1.4649737277560758e-24,55.024045959047065
64,1.0,1.4649737277560758e-24,55.024045959047065
65,1.0,1.4649737277560758e-24,55.024045959047065
66,1.0,1.4649737277560758e-24,55.024045959047065
67,1.0,1.4649737277560758e-24,55.024045959047065
68,1.0,1.4649737277560758e-24,55.024045959047065
69,1.0,1.4649737277560758e-24,55.024045959047065
70,1.0,1.4649737277560758e-24,55.024045959047065
71,1.0,1.4649737277560758e-24,55.024045959047065
72,1.0,1.4649737277560758e-24,55.024045959047065
73,1.0,1.4649737277560758e-24,55.024045959047065
74,1.0,1.4649737277560758e-24,55.024045959047065
75,1.0,1.4649737277560758e-24,55.024045959047065
76,1.0,1.4649737277560758e-24,55.024045959047065
77,1.0,1.4649737277560758e-24,55.024045959047065
78,1.0,1.4649737277560758e-24,55.024045959047065
79,1.0,1.4649737277560758e-24,55.024045959047065
80,1.0,1.4649737277560758e-24,55.024045959047065
81,1.0,1.4649737277560758e-24,55.024045959047065
82,1.0,1.4649737277560758e-24,55.024045959047065
83,1.0,1.4649737277560758e-24,55.024045959047065
84,1.0,1.4649737277560758e-24,55.024045959047065
85,1.0,1.4649737277560758e-24,55.024045959047065
86,1.0,1.4649737277560758e-24,55.024045959047065
87,1.0,1.4649737277560758e-24,55.024045959047065
88,1.0,1.4649737277560758e-24,55.024045959047065
89,1.0,1.4649737277560758e-24,55.024045959047065
90,1.0,1.4649737277560758e-24,55.024045959047065
91,1.0,1.4649737277560758e-24,55.024045959047065
92,1.0,1.4649737277560758e-24,55.024045959047065
93,1.0,1.4649737277560758e-24,55.024045959047065
94,1.0,1.4649737277560758e-24,55.024045959047065
95,1.0,1.4649737277560758e-24,55.024045959047065
96,1.0,1.4649737277560758e-24,55.024045959047065
97,1.0,1.4649737277560758e-24,55.024045959047065
98,1.0,1.4649737277560758e-24,55.024045959047065
99,1.0,1.4649737277560758e-24,55.024045959047065
100,1.0,1.4649737277560758e-24,55.024045959047065
101,1.0,1.4649737277560758e-24,55.024045959047065
102,1.0,1.4649737277560758e-24,55.024045959047065
103,1.0,1.4649737277560758e-24,55.024045959047065
104,1.0,1.4649737277560758e-24,55.024045959047065
105,1.0,1.4649737277560758e-24,55.024045959047065
106,1.0,1.4649737277560758e-24,55.024045959047065
107,1.0,1.4649737277560758e-24,55.024045959047065
108,1.0,1.4649737277560758e-24,55.024045959047065
109,1.0,1.4649737277560758e-24,55.024045959047065
110,1.0,1.4649737277560758e-24,55.024045959047065
111,1.0,1.4649737277560758e-24,55.024045959047065
112,1.0,1.4649737277560758e-24,55.024045959047065
113,1.0,1.4649737277560758e-24,55.024045959047065
114,1.0,1.4649737277560758e-24,55.024045959047065
115,1.0,1.4649737277560758e-24,55.024045959047065
116,1.0,1.4649737277560758e-24,55.024045959047065
117,1.0,1.4649737277560758e-24,55.024045959047065
118,1.0,1.4649737277560758e-24,55.024045959047065
119,1.0,1.4649737277560758e-24,55.024045959047065
120,1.0,1.4649737277560758e-24,55.024045959047065
121,1.0,1.4649737277560758e-24,55.024045959047065
122,1.0,1.4649737277560758e-24,55.024045959047065
123,1.0,1.4649737277560758e-24,55.024045959047065
124,1.0,1.4649737277560758e-24,55.024045959047065
125,1.0,1.4649737277560758e-24,55.024045959047065
126,1.0,1.4649737277560758e-24,55.024045959047065
127,1.0,1.4649737277560758e-24,55.024045959047065
128,1.0,1.4649737277560758e-24,55.024045959047065
129,1.0,1.4649737277560758e-24,55.024045959047065
130,1.0,1.4649737277560758e-24,55.024045959047065
131,1.0,1.4649737277560758e-24,55.024045959047065
132,1.0,1.4649737277560758e-24,55.024045959047065
133,1.0,1.4649737277560758e-24,55.024045959047065
134,1.0,1.4649737277560758e-24,55.024045959047065
135,1.0,1.4649737277560758e-24,55.024045959047065
136,1.0,1.4649737277560758e-24,55.024045959047065
137,1.0,1.4649737277560758e-24,55.024045959047065
138,1.0,1.4649737277560758e-24,55.024045959047065
139,1.0,1.4649737277560758e-24,55.024045959047065
140,1.0,1.4649737277560758e-24,55.024045959047065
141,1.0,1.4649737277560758e-24,55.024045959047065
142,1.0,1.4649737277560758e-24,55.024045959047065
143,1.0,1.4649737277560758e-24,55.024045959047065
144,1.0,1.4649737277560758e-24,55.024045959047065
145,1.0,1.4649737277560758e-24,55.024045959047065
146,1.0,1.4649737277560758e-24,55.024045959047065
147,1.0,1.4649737277560758e-24,55.024045959047065
148,1.0,1.4649737277560758e-24,55.024045959047065
149,1.0,1.4649737277560758e-24,55.024045959047065
150,1.0,1.4649737277560758e-24,55.024045959047065
151,1.0,1.4649737277560758e-24,55.024045959047065
152,1.0,1.4649737277560758e-24,55.024045959047065
153,1.0,1.4649737277560758e-24,55.024045959047065
154,1.0,1.4649737277560758e-24,55.024045959047065
155,1.0,1.4649737277560758e-24,55.024045959047065
156,1.0,1.4649737277560758e-24,55.024045959047065
157,1.0,1.4649737277560758e-24,55.024045959047065
158,1.0,1.4649737277560758e-24,55.024045959047065
159,1.0,1.4649737277560758e-24,55.024045959047065
160,1.0,1.4649737277560758e-24,55.024045959047065
161,1.0,1.4649737277560758e-24,55.024045959047065
162,1.0,1.4649737277560758e-24,55.024045959047065
163,1.0,1.4649737277560758e-24,55.024045959047065
164,1.0,1.4649737277560758e-24,55.024045959047065
165,1.0,1.4649737277560758e-24,55.024045959047065
166,1.0,1.4649737277560758e-24,55.024045959047065
167,1.0,1.4649737277560758e-24,55.024045959047065
168,1.0,1.4649737277560758e-24,55.024045959047065
169,1.0,1.4649737277560758e-24,55.024045959047065
170,1.0,1.4649737277560758e-24,55.024045959047065
171,1.0,1.4649737277560758e-24,55.024045959047065
172,1.0,1.4649737277560758e-24,55.024045959047065
173,1.0,1.4649737277560758e-24,55.024045959047065
174,1.0,1.4649737277560758e-24,55.024045959047065
175,1.0,1.4649737277560758e-24,55.024045959047065
176,1.0,1.4649737277560758e-24,55.024045959047065
177,1.0,1.4649737277560758e-24,55.024045959047065
178,1.0,1.4649737277560758e-24,55.024045959047065
179,1.0,1.4649737277560758e-24,55.024045959047065
180,1.0,1.4649737277560758e-24,55.024045959047065
181,1.0,1.4649737277560758e-24,55.024045959047065
182,1.0,1.4649737277560758e-24,55.024045959047065
183,1.0,1.4649737277560758e-24,55.024045959047065
184,1.0,1.4649737277560758e-24,55.024045959047065
185,1.0,1.4649737277560758e-24,55.024045959047065
186,1.0,1.4649737277560758e-24,55.024045959047065
187,1.0,1.4649737277560758e-24,55.024045959047065
188,1.0,1.4649737277560758e-24,55.024045959047065
189,1.0,1.4649737277560758e-24,55.024045959047065
190,1.0,1.4649737277560758e-24,55.024045959047065
191,1.0,1.4649737277560758e-24,55.024045959047065
192,1.0,1.4649737277560758e-24,55.024045959047065
193,1.0,1.4649737277560758e-24,55.024045959047065
194,1.0,1.4649737277560758e-24,55.024045959047065
195,1.0,1.4649737277560758e-24,55.024045959047065
196,1.0,1.4649737277560758e-24,55.024045959047065
197,1.0,1.4649737277560758e-24,55.024045959047065
198,1.0,1.4649737277560758e-24,55.024045959047065
199,1.0,1.4649737277560758e-24,55.024045959047065
200,1.0,1.4649737277560758e-24,55.024045959047065
201,1.0,1.4649737277560758e-24,55.024045959047065
202,1.0,1.4649737277560758e-24,55.024045959047065
203,1.0,1.4649737277560758e-24,55.024045959047065
204,1.0,1.4649737277560758e-24,55.024045959047065
205,1.0,1.4649737277560758e-24,55.024045959047065
206,1.0,1.4649737277560758e-24,55.024045959047065
207,1.0,1.4649737277560758e-24,55.024045959047065
208,1.0,1.4649737277560758e-24,55.024045959047065
209,1.0,1.4649737277560758e-24,55.024045959047065
210,1.0,1.4649737277560758e-24,55.024045959047065
211,1.0,1.4649737277560758e-24,55.024045959047065
212,1.0,1.4649737277560758e-24,55.024045959047065
213,1.0,1.4649737277560758e-24,55.024045959047065
214,1.0,1.4649737277560758e-24,55.024045959047065
215,1.0,1.4649737277560758e-24,55.024045959047065
216,1.0,1.4649737277560758e-24,55.024045959047065
217,1.0,1.4649737277560758e-24,55.024045959047065
218,1.0,1.4649737277560758e-24,55.024045959047065
219,1.0,1.4649737277560758e-24,55.024045959047065
220,1.0,1.4649737277560758e-24,55.024045959047065
221,1.0,1.4649737277560758e-24,55.024045959047065
222,1.0,1.4649737277560758e-24,55.024045959047065
223,1.0,1.4649737277560758e-24,55.024045959047065
224,1.0,1.4649737277560758e-24,55.024045959047065
225,1.0,1.4649737277560758e-24,55.024045959047065
226,1.0,1.4649737277560758e-24,55.024045959047065
227,1.0,1.4649737277560758e-24,55.024045959047065
228,1.0,1.4649737277560758e-24,55.024045959047065
229,1.0,1.4649737277560758e-24,55.024045959047065
230,1.0,1.4649737277560758e-24,55.024045959047065
231,1.0,1.4649737277560758e-24,55.024045959047065
232,1.0,1.4649737277560758e-24,55.024045959047065
233,1.0,1.4649737277560758e-24,55.024045959047065
234,1.0,1.4649737277560758e-24,55.024045959047065
235,1.0,1.4649737277560758e-24,55.024045959047065
236,1.0,1.4649737277560758e-24,55.024045959047065
237,1.0,1.4649737277560758e-24,55.024045959047065
238,1.0,1.4649737277560758e-24,55.024045959047065
239,1.0,1.4649737277560758e-24,55.024045959047065
240,1.0,1.4649737277560758e-24,55.024045959047065
241,1.0,1.4649737277560758e-24,55.024045959047065
242,1.0,1.4649737277560758e-24,55.024045959047065
243,1.0,1.4649737277560758e-24,55.024045959047065
244,1.0,1.4649737277560758e-24,55.024045959047065
245,1.0,1.4649737277560758e-24,55.024045959047065
246,1.0,1.4649737277560758e-24,55.024045959047065
247,1.0,1.4649737277560758e-24,55.024045959047065
248,1.0,1.4649737277560758e-24,55.024045959047065
249,1.0,1.4649737277560758e-24,55.024045959047065
250,1.0,1.4649737277560758e-24,55.024045959047065
251,1.0,1.4649737277560758e-24,55.024045959047065
252,1.0,1.4649737277560758e-24,55.024045959047065
253,1.0,1.4649737277560758e-24,55.024045959047065
254,1.0,1.4649737277560758e-24,55.024045959047065
255,1.0,1.4649737277560758e-24,55.024045959047065
256,1.0,1.4649737277560758e-24,55.024045959047065
257,1.0,1.4649737277560758e-24,55.024045959047065
258,1.0,1.4649737277560758e-24,55.024045959047065
259,1.0,1.4649737277560758e-24,55.024045959047065
260,1.0,1.4649737277560758e-24,55.024045959047065
261,1.0,1.4649737277560758e-24,55.024045959047065
262,1.0,1.4649737277560758e-24,55.024045959047065
263,1.0,1.4649737277560758e-24,55.024045959047065
264,1.0,1.4649737277560758e-24,55.024045959047065
265,1.0,1.4649737277560758e-24,55.024045959047065
266,1.0,1.4649737277560758e-24,55.024045959047065
267,1.0,1.4649737277560758e-24,55.024045959047065
268,1.0,1.4649737277560758e-24,55.024045959047065
269,1.0,1.4649737277560758e-24,55.024045959047065
270,1.0,1.4649737277560758e-24,55.024045959047065
271,1.0,1.4649737277560758e-24,55.024045959047065
272,1.0,1.4649737277560758e-24,55.024045959047065
273,1.0,1.4649737277560758e-24,55.024045959047065
274,1.0,1.4649737277560758e-24,55.024045959047065
275,1.0,1.4649737277560758e-24,55.024045959047065
276,1.0,1.4649737277560758e-24,55.024045959047065
277,1.0,1.4649737277560758e-24,55.024045959047065
278,1.0,1.4649737277560758e-24,55.024045959047065
279,1.0,1.4649737277560758e-24,55.024045959047065
280,1.0,1.4649737277560758e-24,55.024045959047065
281,1.0,1.4649737277560758e-24,55.024045959047065
282,1.0,1.4649737277560758e-24,55.024045959047065
283,1.0,1.4649737277560758e-24,55.024045959047065
284,1.0,1.4649737277560758e-24,55.024045959047065
285,1.0,1.4649737277560758e-24,55.024045959047065
286,1.0,1.4649737277560758e-24,55.024045959047065
287,1.0,1.4649737277560758e-24,55.024045959047065
288,1.0,1.4649737277560758e-24,55.024045959047065
289,1.0,1.4649737277560758e-24,55.024045959047065
290,1.0,1.4649737277560758e-24,55.024045959047065
291,1.0,1.4649737277560758e-24,55.024045959047065
292,1.0,1.4649737277560758e-24,55.024045959047065
293,1.0,1.4649737277560758e-24,55.024045959047065
294,1.0,1.4649737277560758e-24,55.024045959047065
295,1.0,1.4649737277560758e-24,55.024045959047065
296,1.0,1.4649737277560758e-24,55.024045959047065
297,1.0,1.4649737277560758e-24,55.024045959047065
298,1.0,1.4649737277560758e-24,55.024045959047065
299,1.0,1.4649737277560758e-24,55.024045959047065
300,1.0,1.4649737277560758e-24,55.024045959047065
301,1.0,1.4649737277560758e-24,55.024045959047065
302,1.0,1.4649737277560758e-24,55.024045959047065
303,1.0,1.4649737277560758e-24,55.024045959047065
304,1.0,1.4649737277560758e-24,55.024045959047065
305,1.0,1.4649737277560758e-24,55.024045959047065
306,1.0,1.4649737277560758e-24,55.024045959047065
307,1.0,1.4649737277560758e-24,55.024045959047065
308,1.0,1.4649737277560758e-24,55.024045959047065
309,1.0,1.4649737277560758e-24,55.024045959047065
310,1.0,1.4649737277560758e-24,55.024045959047065
311,1.0,1.4649737277560758e-24,55.024045959047065
312,1.0,1.4649737277560758e-24,55.024045959047065
313,1.0,1.4649737277560758e-24,55.024045959047065
314,1.0,1.4649737277560758e-24,55.024045959047065
315,1.0,1.4649737277560758e-24,55.024045959047065
316,1.0,0.0,55.024045959047065
317,1.0,-1.4649737277560758e-24,55.024045959047065
318,0.0,0.0,55.024045959047065
319,1.0,-1.4649737277560758e-24,55.024045959047065
320,1.0,-1.4649737277560758e-24,55.024045959047065
321,0.9238795325112867,0.3826834323650898,55.024045959047065
322,0.7071067811865476,0.7071067811865476,55.024045959047065
323,0.3826834323650898,0.9238795325112867,55.024045959047065
324,-0.0,1.0,55.024045959047065
325,-0.3826834323650898,0.9238795325112867,55.024045959047065
326,-0.7071067811865476,0.7071067811865476,55.024045959047065
327,-0.9238795325112867,0.3826834323650898,55.024045959047065
328,-1.0,-0.0,55.024045959047065
329,-0.9238795325112867,-0.3826834323650898,55.024045959047065
330,-0.7071067811865476,-0.7071067811865476,55.024045959047065
331,-0.3826834323650898,-0.9238795325112867,55.024045959047065
332,0.0,-1.0,55.024045959047065
333,0.3826834323650898,-0.9238795325112867,55.024045959047065
334,0.7071067811865476,-0.7071067811865476,55.024045959047065
335,0.9238795325112867,-0.3826834323650898,55.024045959047065
336,1.0,1.4649737277560758e-24,55.024045959047065
337,1.0,1.4649737277560758e-24,55.024045959047065
338,1.0,1.4649737277560758e-24,55.024045959047065
339,1.0,1.4649737277560758e-24,55.024045959047065
340,1.0,1.4649737277560758e-24,55.024045959047065
341,1.0,1.4649737277560758e-24,55.024045959047065
342,1.0,1.4649737277560758e-24,55.024045959047065
343,1.0,1.4649737277560758e-24,55.024045959047065
