,0,1,tau
0,0.9966668302142432,0.08157959028269807,2.740597313906245
1,0.9966668302142432,0.08157959028269807,2.740597313906245
2,0.9966668302142432,0.08157959028269807,2.740597313906245
3,0.9966668302142432,0.08157959028269807,2.740597313906245
4,0.9966668302142432,0.08157959028269807,2.740597313906245
5,0.9966668302142432,0.08157959028269807,2.740597313906245
6,0.9966668302142432,0.08157959028269807,2.740597313906245
7,0.9966668302142432,0.08157959028269807,2.740597313906245
8,0.9966668302142432,0.08157959028269807,2.740597313906245
9,0.9966668302142432,0.08157959028269807,2.740597313906245
10,0.9966668302142432,0.08157959028269807,2.740597313906245
11,0.9966668302142432,0.08157959028269807,2.740597313906245
12,0.9966668302142432,0.08157959028269807,2.740597313906245
13,0.9966668302142432,0.08157959028269807,2.740597313906245
14,0.9966668302142432,0.08157959028269807,2.740597313906245
15,0.9966668302142432,0.08157959028269807,2.740597313906245
16,0.9966668302142432,0.08157959028269807,2.740597313906245
17,0.9966668302142432,0.08157959028269807,2.740597313906245
18,0.9966668302142432,0.08157959028269807,2.740597313906245
19,0.9966668302142432,0.08157959028269807,2.740597313906245
20,0.9966668302142432,0.08157959028269807,2.740597313906245
21,0.9966668302142432,0.08157959028269807,2.740597313906245
22,0.9966668302142432,0.08157959028269807,2.740597313906245
23,0.9966668302142432,0.08157959028269807,2.740597313906245
24,0.9966668302142432,0.08157959028269807,2.740597313906245
25,0.9966668302142432,0.08157959028269807,2.740597313906245
26,0.9966668302142432,0.08157959028269807,2.740597313906245
27,0.9966668302142432,0.08157959028269807,2.740597313906245
28,0.9966668302142432,0.08157959028269807,2.740597313906245
29,0.9966668302142432,0.08157959028269807,2.740597313906245
30,0.9966668302142432,0.08157959028269807,2.740597313906245
31,0.9966668302142432,0.08157959028269807,2.740597313906245
32,0.9966668302142432,0.08157959028269807,2.740597313906245
33,0.9966668302142432,0.08157959028269807,2.740597313906245
34,0.9966668302142432,0.08157959028269807,2.740597313906245
35,0.9966668302142432,0.08157959028269807,2.740597313906245
36,0.9966668302142432,0.08157959028269807,2.740597313906245
37,0.9966668302142432,0.08157959028269807,2.740597313906245
38,0.9966668302142432,0.08157959028269807,2.740597313906245
39,0.9966668302142432,0.08157959028269807,2.740597313906245
40,0.9966668302142432,0.08157959028269807,2.740597313906245
41,0.9966668302142432,0.08157959028269807,2.740597313906245
42,0.9966668302142432,0.08157959028269807,2.740597313906245
43,0.9966668302142432,0.08157959028269807,2.740597313906245
44,0.9966668302142432,0.08157959028269807,2.740597313906245
45,0.9966668302142432,0.08157959028269807,2.740597313906245
46,0.9966668302142432,0.08157959028269807,2.740597313906245
47,0.9966668302142432,0.08157959028269807,2.740597313906245
48,0.9966668302142432,0.08157959028269807,2.740597313906245
49,0.9966668302142432,0.08157959028269807,2.740597313906245
50,0.9966668302142432,0.08157959028269807,2.740597313906245
51,0.9966668302142432,0.08157959028269807,2.740597313906245
52,0.9966668302142432,0.08157959028269807,2.740597313906245
53,0.9966668302142432,0.08157959028269807,2.740597313906245
54,0.9966668302142432,0.08157959028269807,2.740597313906245
55,0.9966668302142432,0.08157959028269807,2.740597313906245
56,0.9966668302142432,0.08157959028269807,2.740597313906245
57,0.9966668302142432,0.08157959028269807,2.740597313906245
58,0.9966668302142432,0.08157959028269807,2.740597313906245
59,0.9966668302142432,0.08157959028269807,2.740597313906245
60,0.9966668302142432,0.08157959028269807,2.740597313906245
61,0.9966668302142432,0.08157959028269807,2.740597313906245
62,0.9966668302142432,0.08157959028269807,2.740597313906245
63,0.9966668302142432,0.08157959028269807,2.740597313906245
64,0.9966668302142432,0.08157959028269807,2.740597313906245
65,0.9966668302142432,0.08157959028269807,2.740597313906245
66,0.9966668302142432,0.08157959028269807,2.740597313906245
67,0.9966668302142432,0.08157959028269807,2.740597313906245
68,0.9966668302142432,0.08157959028269807,2.740597313906245
69,0.9966668302142432,0.08157959028269807,2.740597313906245
70,0.9966668302142432,0.08157959028269807,2.740597313906245
71,0.9966668302142432,0.08157959028269807,2.740597313906245
72,0.9966668302142432,0.08157959028269807,2.740597313906245
73,0.9966668302142432,0.08157959028269807,2.740597313906245
74,0.9966668302142432,0.08157959028269807,2.740597313906245
75,0.9966668302142432,0.08157959028269807,2.740597313906245
76,0.9966668302142432,0.08157959028269807,2.740597313906245
77,0.9966668302142432,0.08157959028269807,2.740597313906245
78,0.9966668302142432,0.08157959028269807,2.740597313906245
79,0.9966668302142432,0.08157959028269807,2.740597313906245
80,0.9966668302142432,0.08157959028269807,2.740597313906245
81,0.9966668302142432,0.08157959028269807,2.740597313906245
82,0.9966668302142432,0.08157959028269807,2.740597313906245
83,0.9966668302142432,0.08157959028269807,2.740597313906245
84,0.9966668302142432,0.08157959028269807,2.740597313906245
85,0.9966668302142432,0.08157959028269807,2.740597313906245
86,0.9966668302142432,0.08157959028269807,2.740597313906245
87,0.9966668302142432,0.08157959028269807,2.740597313906245
88,0.9966668302142432,0.08157959028269807,2.740597313906245
89,0.9966668302142432,0.08157959028269807,2.740597313906245
90,0.9966668302142432,0.08157959028269807,2.740597313906245
91,0.9966668302142432,0.08157959028269807,2.740597313906245
92,0.9966668302142432,0.08157959028269807,2.740597313906245
93,0.9966668302142432,0.08157959028269807,2.740597313906245
94,0.9966668302142432,0.08157959028269807,2.740597313906245
95,0.9966668302142432,0.08157959028269807,2.740597313906245
96,0.9966668302142432,0.08157959028269807,2.740597313906245
97,0.9966668302142432,0.08157959028269807,2.740597313906245
98,0.9966668302142432,0.08157959028269807,2.740597313906245
99,0.9966668302142432,0.08157959028269807,2.740597313906245
100,0.9966668302142432,0.08157959028269807,2.740597313906245
101,0.9966668302142432,0.08157959028269807,2.740597313906245
102,0.9966668302142432,0.08157959028269807,2.740597313906245
103,0.9966668302142432,0.08157959028269807,2.740597313906245
104,0.9966668302142432,0.08157959028269807,2.740597313906245
105,0.9966668302142432,0.08157959028269807,2.740597313906245
106,0.9966668302142432,0.08157959028269807,2.740597313906245
107,0.9966668302142432,0.08157959028269807,2.740597313906245
108,0.9966668302142432,0.08157959028269807,2.740597313906245
109,0.9966668302142432,0.08157959028269807,2.740597313906245
110,0.9966668302142432,0.08157959028269807,2.740597313906245
111,0.9966668302142432,0.08157959028269807,2.740597313906245
112,0.9966668302142432,0.08157959028269807,2.740597313906245
113,0.9966668302142432,0.08157959028269807,2.740597313906245
114,0.9966668302142432,0.08157959028269807,2.740597313906245
115,0.9966668302142432,0.08157959028269807,2.740597313906245
116,0.9966668302142432,0.08157959028269807,2.740597313906245
117,0.9966668302142432,0.08157959028269807,2.740597313906245
118,0.9966668302142432,0.08157959028269807,2.740597313906245
119,0.9966668302142432,0.08157959028269807,2.740597313906245
120,0.9966668302142432,0.08157959028269807,2.740597313906245
121,0.9966668302142432,0.08157959028269807,2.740597313906245
122,0.9966668302142432,0.08157959028269807,2.740597313906245
123,0.9966668302142432,0.08157959028269807,2.740597313906245
124,0.9966668302142432,0.08157959028269807,2.740597313906245
125,0.9966668302142432,0.08157959028269807,2.740597313906245
126,0.9966668302142432,0.08157959028269807,2.740597313906245
127,0.9966668302142432,0.08157959028269807,2.740597313906245
128,0.9966668302142432,0.08157959028269807,2.740597313906245
129,0.9966668302142432,0.08157959028269807,2.740597313906245
130,0.9966668302142432,0.08157959028269807,2.740597313906245
131,0.9966668302142432,0.08157959028269807,2.740597313906245
132,0.9966668302142432,0.08157959028269807,2.740597313906245
133,0.9966668302142432,0.08157959028269807,2.740597313906245
134,0.9966668302142432,0.08157959028269807,2.740597313906245
135,0.9966668302142432,0.08157959028269807,2.740597313906245
136,0.9966668302142432,0.08157959028269807,2.740597313906245
137,0.9966668302142432,0.08157959028269807,2.740597313906245
138,0.9966668302142432,0.08157959028269807,2.740597313906245
139,0.9966668302142432,0.08157959028269807,2.740597313906245
140,0.9966668302142432,0.08157959028269807,2.740597313906245
141,0.9966668302142432,0.08157959028269807,2.740597313906245
142,0.9966668302142432,0.08157959028269807,2.740597313906245
143,0.9966668302142432,0.08157959028269807,2.740597313906245
144,0.9966668302142432,0.08157959028269807,2.740597313906245
145,0.9966668302142432,0.08157959028269807,2.740597313906245
146,0.9966668302142432,0.08157959028269807,2.740597313906245
147,0.9966668302142432,0.08157959028269807,2.740597313906245
148,0.9966668302142432,0.08157959028269807,2.740597313906245
149,0.9966668302142432,0.08157959028269807,2.740597313906245
150,0.9966668302142432,0.08157959028269807,2.740597313906245
151,0.9966668302142432,0.08157959028269807,2.740597313906245
152,0.9966668302142432,0.08157959028269807,2.740597313906245
153,0.9966668302142432,0.08157959028269807,2.740597313906245
154,0.9966668302142432,0.08157959028269807,2.740597313906245
155,0.9966668302142432,0.08157959028269807,2.740597313906245
156,0.9966668302142432,0.08157959028269807,2.740597313906245
157,0.9966668302142432,0.08157959028269807,2.740597313906245
158,0.9966668302142432,0.08157959028269807,2.740597313906245
159,0.9966668302142432,0.08157959028269807,2.740597313906245
160,0.9966668302142432,0.08157959028269807,2.740597313906245
161,0.9966668302142432,0.08157959028269807,2.740597313906245
162,0.9966668302142432,0.08157959028269807,2.740597313906245
163,0.9966668302142432,0.08157959028269807,2.740597313906245
164,0.9966668302142432,0.08157959028269807,2.740597313906245
165,0.9966668302142432,0.08157959028269807,2.740597313906245
166,0.9966668302142432,0.08157959028269807,2.740597313906245
167,0.9966668302142432,0.08157959028269807,2.740597313906245
168,0.9966668302142432,0.08157959028269807,2.740597313906245
169,0.9966668302142432,0.08157959028269807,2.740597313906245
170,0.9966668302142432,0.08157959028269807,2.740597313906245
171,0.9966668302142432,0.08157959028269807,2.740597313906245
172,0.9966668302142432,0.08157959028269807,2.740597313906245
173,0.9966668302142432,0.08157959028269807,2.740597313906245
174,0.9966668302142432,0.08157959028269807,2.740597313906245
175,0.9966668302142432,0.08157959028269807,2.740597313906245
176,0.9966668302142432,0.08157959028269807,2.740597313906245
177,0.9966668302142432,0.08157959028269807,2.740597313906245
178,0.9966668302142432,0.08157959028269807,2.740597313906245
179,0.9966668302142432,0.08157959028269807,2.740597313906245
180,0.9966668302142432,0.08157959028269807,2.740597313906245
181,0.9966668302142432,0.08157959028269807,2.740597313906245
182,0.9966668302142432,0.08157959028269807,2.740597313906245
183,0.9966668302142432,0.08157959028269807,2.740597313906245
184,0.9966668302142432,0.08157959028269807,2.740597313906245
185,0.9966668302142432,0.08157959028269807,2.740597313906245
186,0.9966668302142432,0.08157959028269807,2.740597313906245
187,0.9966668302142432,0.08157959028269807,2.740597313906245
188,0.9966668302142432,0.08157959028269807,2.740597313906245
189,0.9966668302142432,0.08157959028269807,2.740597313906245
190,0.9966668302142432,0.08157959028269807,2.740597313906245
191,0.9966668302142432,0.08157959028269807,2.740597313906245
192,0.9966668302142432,0.08157959028269807,2.740597313906245
193,0.9966668302142432,0.08157959028269807,2.740597313906245
194,0.9966668302142432,0.08157959028269807,2.740597313906245
195,0.9966668302142432,0.08157959028269807,2.740597313906245
196,0.9966668302142432,0.08157959028269807,2.740597313906245
197,0.9966668302142432,0.08157959028269807,2.740597313906245
198,0.9966668302142432,0.08157959028269807,2.740597313906245
199,0.9966668302142432,0.08157959028269807,2.740597313906245
200,0.9966668302142432,0.08157959028269807,2.740597313906245
201,0.9966668302142432,0.08157959028269807,2.740597313906245
202,0.9966668302142432,0.08157959028269807,2.740597313906245
203,0.9966668302142432,0.08157959028269807,2.740597313906245
204,0.9966668302142432,0.08157959028269807,2.740597313906245
205,0.9966668302142432,0.08157959028269807,2.740597313906245
206,0.9966668302142432,0.08157959028269807,2.740597313906245
207,0.9966668302142432,0.08157959028269807,2.740597313906245
208,0.9966668302142432,0.08157959028269807,2.740597313906245
209,0.9966668302142432,0.08157959028269807,2.740597313906245
210,0.9966668302142432,0.08157959028269807,2.740597313906245
211,0.9966668302142432,0.08157959028269807,2.740597313906245
212,0.9966668302142432,0.08157959028269807,2.740597313906245
213,0.9966668302142432,0.08157959028269807,2.740597313906245
214,0.9966668302142432,0.08157959028269807,2.740597313906245
215,0.9966668302142432,0.08157959028269807,2.740597313906245
216,0.9966668302142432,0.08157959028269807,2.740597313906245
217,0.9966668302142432,0.08157959028269807,2.740597313906245
218,0.9966668302142432,0.08157959028269807,2.740597313906245
219,0.9966668302142432,0.08157959028269807,2.740597313906245
220,0.9966668302142432,0.08157959028269807,2.740597313906245
221,0.9966668302142432,0.08157959028269807,2.740597313906245
222,0.9966668302142432,0.08157959028269807,2.740597313906245
223,0.9966668302142432,0.08157959028269807,2.740597313906245
224,0.9966668302142432,0.08157959028269807,2.740597313906245
225,0.9966668302142432,0.08157959028269807,2.740597313906245
226,0.9966668302142432,0.08157959028269807,2.740597313906245
227,0.9966668302142432,0.08157959028269807,2.740597313906245
228,0.9966668302142432,0.08157959028269807,2.740597313906245
229,0.9966668302142432,0.08157959028269807,2.740597313906245
230,0.9966668302142432,0.08157959028269807,2.740597313906245
231,0.9966668302142432,0.08157959028269807,2.740597313906245
232,0.9966668302142432,0.08157959028269807,2.740597313906245
233,0.9966668302142432,0.08157959028269807,2.740597313906245
234,0.9966668302142432,0.08157959028269807,2.740597313906245
235,0.9966668302142432,0.08157959028269807,2.740597313906245
236,0.9966668302142432,0.08157959028269807,2.740597313906245
237,0.9966668302142432,0.08157959028269807,2.740597313906245
238,0.9966668302142432,0.08157959028269807,2.740597313906245
239,0.9966668302142432,0.08157959028269807,2.740597313906245
240,0.9966668302142432,0.08157959028269807,2.740597313906245
241,0.9966668302142432,0.08157959028269807,2.740597313906245
242,0.9966668302142432,0.08157959028269807,2.740597313906245
243,0.9966668302142432,0.08157959028269805,2.740597313906245
244,0.9966668302142432,0.08157959028269807,2.740597313906245
245,0.9966668302142432,0.08157959028269804,2.740597313906245
246,0.996666830214243,0.08157959028269784,2.740597313906245
247,0.9966668302142432,0.08157959028269804,2.740597313906245
248,0.9966668302142432,0.08157959028269804,2.740597313906245
249,0.9966668302142432,0.08157959028269772,2.740597313906245
250,0.9966668302142402,0.08157959028269558,2.740597313906245
251,0.9966668302142432,0.08157959028269804,2.740597313906245
252,0.9966668302142432,0.08157959028269804,2.740597313906245
253,0.9966668302142097,0.08157959028267059,2.740597313906245
254,0.9966668302142433,0.08157959028269415,2.740597313906245
255,0.9966668302142432,0.08157959028269804,2.740597313906245
256,0.9966668302142432,0.08157959028269804,2.740597313906245
257,0.9966668302142432,0.08157959028269804,2.740597313906245
258,0.9966668302142432,0.08157959028269804,2.740597313906245
259,0.9966668302142432,0.08157959028269804,2.740597313906245
260,0.9966668302142432,0.08157959028269804,2.740597313906245
261,0.9966668302142432,0.08157959028269804,2.740597313906245
262,0.9966668302142432,0.08157959028269804,2.740597313906245
263,0.9966668302142432,0.08157959028269804,2.740597313906245
264,0.9966668302142432,0.08157959028269804,2.740597313906245
265,0.9966668302142432,0.08157959028269804,2.740597313906245
266,0.9966668302142432,0.08157959028269804,2.740597313906245
267,0.9966668302142432,0.08157959028269804,2.740597313906245
268,0.9966668302142432,0.08157959028269804,2.740597313906245
269,0.9966668302142432,0.08157959028269804,2.740597313906245
270,0.9966668302142432,0.08157959028269804,2.740597313906245
271,0.9966668302142432,0.08157959028269804,2.740597313906245
272,0.9966668302142432,0.08157959028269804,2.740597313906245
273,0.9966668302142432,0.08157959028269804,2.740597313906245
274,0.9966668302142432,0.08157959028269804,2.740597313906245
275,0.9966668302142432,0.08157959028269804,2.740597313906245
276,0.9966668302142432,0.08157959028269804,2.740597313906245
277,0.9966668302142432,0.08157959028269804,2.740597313906245
278,0.9966668302142432,0.08157959028269804,2.740597313906245
279,0.9966668302142432,0.08157959028269804,2.740597313906245
280,0.9966668302142432,0.08157959028269804,2.740597313906245
281,0.9966668302142432,0.08157959028269804,2.740597313906245
282,0.9966668302142432,0.08157959028269804,2.740597313906245
283,0.9966668302142432,0.08157959028269804,2.740597313906245
284,0.9966668302142432,0.08157959028269804,2.740597313906245
285,0.9966668302138719,0.08157959028239352,2.740597313906245
286,0.9966668302142438,0.08157959028265473,2.740597313906245
287,0.9966668302142435,0.08157959028269432,2.740597313906245
288,0.9966668302142435,0.08157959028269401,2.740597313906245
289,0.9966668302101289,0.08157959027932352,2.740597313906245
290,0.99666683021425,0.08157959028221788,2.740597313906245
291,0.9966668302142435,0.08157959028269403,2.740597313906245
292,0.9966668302142435,0.081579590282694,2.740597313906245
293,0.9966668301686556,0.08157959024530695,2.740597313906245
294,0.996666830214318,0.08157959027737742,2.740597313906245
295,0.9966668297091178,0.08157958986839225,2.740597313906245
296,0.9966668302150716,0.08157959022374353,2.740597313906245
297,0.9966668246172875,0.08157958569205392,2.740597313906245
298,0.996666830223422,0.08157958962946242,2.740597313906245
299,0.9966667681981385,0.08157953941686022,2.740597313906245
300,0.9966668303159463,0.08157958304463311,2.740597313906245
301,0.9966661430553434,0.08157902667296268,2.740597313906245
302,0.9966668313411436,0.08157951008256499,2.740597313906245
303,0.9966592162512782,0.08157334535297017,2.740597313906245
304,0.9966668427002977,0.08157870163871762,2.740597313906245
305,0.9965824628971223,0.08151040065238671,2.740597313906245
306,0.9966669685181361,0.08156974378812375,2.740597313906245
307,0.995731753889165,0.08081371224985741,2.740597313906245
308,0.996668357057843,0.08147048444523117,2.740597313906245
309,0.9966830590003063,0.0803702383809723,2.740597313906245
310,0.9862749019097282,0.07318738999405873,2.740597313906245
311,0.996742389658856,0.08047908791019429,2.740597313906245
312,0.9967569735698735,0.08039970707263831,2.740597313906245
313,0.9967609746186779,0.08034690638472332,2.740597313906245
314,0.9967575217784633,0.0802565145948453,2.740597313906245
315,0.9967613309518442,0.0681279619502559,2.740597313906245
316,0.8787602394378816,0.0,2.740597313906245
317,0.9862749019097282,-0.07318738999405873,2.740597313906245
318,0.0,0.0,2.740597313906245
319,0.9967613309518442,-0.0681279619502559,2.740597313906245
320,0.995731753889165,-0.08081371224985741,2.740597313906245
321,0.8118685992013766,0.3362869846540567,2.740597313906245
322,0.6213773243436403,0.6213773243436403,2.740597313906245
323,0.3362869846540567,0.8118685992013766,2.740597313906245
324,4.819637165393019e-78,0.8787602394378816,2.740597313906245
325,-0.3362869846540567,0.8118685992013766,2.740597313906245
326,-0.6213773243436403,0.6213773243436403,2.740597313906245
327,-0.8118685992013766,0.3362869846540567,2.740597313906245
328,-0.8787602394378816,9.639274330786038e-78,2.740597313906245
329,-0.8118685992013766,-0.3362869846540567,2.740597313906245
330,-0.6213773243436403,-0.6213773243436403,2.740597313906245
331,-0.3362869846540567,-0.8118685992013766,2.740597313906245
332,1.5897574693023738e-77,-0.8787602394378816,2.740597313906245
333,0.3362869846540567,-0.8118685992013766,2.740597313906245
334,0.6213773243436403,-0.6213773243436403,2.740597313906245
335,0.8118685992013766,-0.3362869846540567,2.740597313906245
336,0.9966668302142432,0.08157959028269807,2.740597313906245
337,0.9966668302142432,0.08157959028269807,2.740597313906245
338,0.9966668302142432,0.08157959028269807,2.740597313906245
339,0.9966668302142432,0.08157959028269807,2.740597313906245
340,0.9966668302142432,0.08157959028269807,2.740597313906245
341,0.9966668302142432,0.08157959028269807,2.740597313906245
342,0.9966668302142432,0.08157959028269807,2.740597313906245
343,0.9966668302142432,0.08157959028269807,2.740597313906245
