,0,1,tau
0,0.3774093423932327,0.391721562526512,0.5758453500036469
1,0.4121599227080859,0.17549637024662199,0.5758453500036469
2,0.3883641172433813,0.5689480179028281,0.5758453500036469
3,0.6121919367027268,0.14040556218488293,0.5758453500036469
4,0.24731530104606894,-0.016225142006380845,0.5758453500036469
5,0.29671975023853486,0.6778602872910684,0.5758453500036469
6,0.5018716017154812,0.6248958640988631,0.5758453500036469
7,0.7116261430525342,0.25140186019451405,0.5758453500036469
8,0.7014479991642258,0.00534065162964071,0.5758453500036469
9,0.3587771282181437,-0.24524805861156504,0.5758453500036469
10,-0.03266830052652097,0.022062777794221177,0.5758453500036469
11,0.16476783665886904,0.7067966169824389,0.5758453500036469
12,0.348384157482435,0.7694152579331918,0.5758453500036469
13,0.5098798309388606,0.7094507707756815,0.5758453500036469
14,0.5922638223190931,0.5984035458109425,0.5758453500036469
15,0.7100956483878956,0.36652400768977333,0.5758453500036469
16,0.8121788161863555,0.23104254431999438,0.5758453500036469
17,0.8186388547421879,0.027905931349456726,0.5758453500036469
18,0.6864896307897165,-0.14226092805714907,0.5758453500036469
19,0.5642602677693358,-0.2600031320132393,0.5758453500036469
20,0.26873483263606174,-0.45021480767294625,0.5758453500036469
21,-0.13779905771601866,0.2785997560030779,0.5758453500036469
22,-0.20744730221574,-0.19611530351842968,0.5758453500036469
23,0.6460905340862987,0.45323624847074684,0.5758453500036469
24,0.7876266065352637,0.3957956672809869,0.5758453500036469
25,0.8575863796686749,0.2808325185067504,0.5758453500036469
26,0.8582446674930211,0.17100243384244126,0.5758453500036469
27,0.7969562286903789,-0.1878473904386961,0.5758453500036469
28,0.5716351959144661,-0.25681596737195,0.5758453500036469
29,0.526294495986728,0.48823168593410127,0.5758453500036469
30,0.70178243677404,0.5203652574055807,0.5758453500036469
31,0.7231599241683039,0.43257984998187,0.5758453500036469
32,0.7684203067124593,0.4548082912882402,0.5758453500036469
33,0.8042657070848587,0.44712724588119845,0.5758453500036469
34,0.826732034397111,0.42759157845689033,0.5758453500036469
35,0.838096056100643,0.4019448972382393,0.5758453500036469
36,0.837204711952166,0.37114004325904915,0.5758453500036469
37,0.8163902442469443,0.3380116193822694,0.5758453500036469
38,0.7642672627612844,0.3224353551492898,0.5758453500036469
39,0.8602719327195456,0.32967810517335233,0.5758453500036469
40,0.8996148135682183,0.2717574380141417,0.5758453500036469
41,0.9083305157342605,0.18771089629626309,0.5758453500036469
42,0.8634694422059709,0.10139950019923002,0.5758453500036469
43,0.6312257268725984,0.4040184662165495,0.5758453500036469
44,0.5927142557839363,0.35745794334786246,0.5758453500036469
45,0.5271097077419943,0.3290040351875691,0.5758453500036469
46,0.4458954881778995,0.3404583381535072,0.5758453500036469
47,0.38191377340811616,0.39974296453663166,0.5758453500036469
48,0.3644846409441575,0.48187622288873727,0.5758453500036469
49,0.39048067115993557,0.551457108373626,0.5758453500036469
50,0.43769682300751944,0.5931485521016366,0.5758453500036469
51,0.4885248847807057,0.6093910642157514,0.5758453500036469
52,0.5348676645351341,0.6073060830109287,0.5758453500036469
53,0.5741683988919013,0.5925854538681214,0.5758453500036469
54,0.6058608383919596,0.5685879119268695,0.5758453500036469
55,0.6295159814817485,0.5369317197965333,0.5758453500036469
56,0.6438680505581047,0.49827317727790293,0.5758453500036469
57,0.7485907344643898,0.3475516187882856,0.5758453500036469
58,0.6612975697553819,0.3484707793488957,0.5758453500036469
59,0.6216524232662463,0.4404348347578543,0.5758453500036469
60,0.6746565543645686,0.5023829608707051,0.5758453500036469
61,0.7322811205782466,0.5039872061312765,0.5758453500036469
62,0.7698899040724853,0.4794682469528964,0.5758453500036469
63,0.7893107683342843,0.44254339304384255,0.5758453500036469
64,0.6962439844802581,0.4603015283299226,0.5758453500036469
65,0.7749227893266478,0.504434695993929,0.5758453500036469
66,0.8140580379175153,0.46215797895773647,0.5758453500036469
67,0.7684146507415646,0.47965699477972124,0.5758453500036469
68,0.8241961206385571,0.47597459306891676,0.5758453500036469
69,0.8395957604891702,0.43610852793889104,0.5758453500036469
70,0.7651738031005644,0.35536380292758796,0.5758453500036469
71,0.7398946182609328,0.257067653777413,0.5758453500036469
72,0.601560181254632,0.21156564854663315,0.5758453500036469
73,0.5125411561640405,0.36977590379137293,0.5758453500036469
74,0.6257021617615584,0.4646413725925795,0.5758453500036469
75,0.7694886109268485,0.42933824814898774,0.5758453500036469
76,0.829523084366335,0.36876530273702945,0.5758453500036469
77,0.7971195483986733,0.2776380786512377,0.5758453500036469
78,0.7366509570418994,0.48542199357043025,0.5758453500036469
79,0.8176477297203133,0.4445242185062833,0.5758453500036469
80,0.6712594185813964,0.5176832333273036,0.5758453500036469
81,0.7728921301115402,0.5198797913584386,0.5758453500036469
82,0.5736714865380985,0.4887549892328286,0.5758453500036469
83,0.690262788474787,0.5815786904014753,0.5758453500036469
84,0.5462235869592188,0.3448856107827257,0.5758453500036469
85,0.5148731132204106,0.5921454033529733,0.5758453500036469
86,0.40781272453325496,0.6409747972871159,0.5758453500036469
87,0.5740598146042913,0.657638534260032,0.5758453500036469
88,0.8386799409207493,0.3696260202734633,0.5758453500036469
89,0.8928869106312401,0.3383019720745326,0.5758453500036469
90,0.9178034881521908,0.29156397971928805,0.5758453500036469
91,0.9189629021042477,0.2480659439943779,0.5758453500036469
92,0.8842530747075373,0.22529278788194532,0.5758453500036469
93,0.9230730611005675,0.21890870315099736,0.5758453500036469
94,0.9382675007904037,0.1961020980298933,0.5758453500036469
95,0.9364823702516871,0.16955893532894523,0.5758453500036469
96,0.9094546122463034,0.14521474170897505,0.5758453500036469
97,0.9193689274204121,0.31050255761581846,0.5758453500036469
98,0.9340342101247295,0.28796841259675043,0.5758453500036469
99,0.9383242886323335,0.255730863106134,0.5758453500036469
100,0.9232237869013754,0.2202103067188056,0.5758453500036469
101,0.9453704912779599,0.21947435296107298,0.5758453500036469
102,0.9095570881645779,0.1890554235704364,0.5758453500036469
103,0.9537079798562841,0.23023686715303027,0.5758453500036469
104,0.9557354161474356,0.20925665508066338,0.5758453500036469
105,0.9374994267916885,0.17211993369891987,0.5758453500036469
106,0.8612610051451071,0.17056617138108737,0.5758453500036469
107,0.8701054789932938,0.10382418782484715,0.5758453500036469
108,0.8119630509526106,0.22725912826712327,0.5758453500036469
109,0.6836191273419429,-0.1483199116293806,0.5758453500036469
110,0.6363792215232109,-0.39352928149930533,0.5758453500036469
111,0.38662783611586415,-0.5830609970761731,0.5758453500036469
112,0.07294315411990251,-0.527316068907046,0.5758453500036469
113,-0.005187707913828702,0.4822882727550044,0.5758453500036469
114,-0.37402354323959575,0.3258866687704686,0.5758453500036469
115,0.7028481856415973,-0.0011809867771908015,0.5758453500036469
116,0.793442623950761,-0.19700823553819644,0.5758453500036469
117,0.5174999686027334,-0.5817991606138873,0.5758453500036469
118,0.3603635749977979,-0.7071928728844222,0.5758453500036469
119,0.23616727537302057,-0.6159279865013886,0.5758453500036469
120,0.12057664179424013,-0.6957017707935308,0.5758453500036469
121,-0.015170114046944148,-0.6844243009338148,0.5758453500036469
122,-0.122719865704819,-0.571283934882058,0.5758453500036469
123,-0.09693314288669963,-0.37559041294157697,0.5758453500036469
124,0.1199611449774033,-0.29807416869213627,0.5758453500036469
125,0.6185194227912157,0.13563556455629616,0.5758453500036469
126,0.820028663601466,0.018267356115959327,0.5758453500036469
127,0.4222664718753628,0.17817259173384095,0.5758453500036469
128,0.7200131937965081,0.24191368708126193,0.5758453500036469
129,0.7218668309070831,0.35472138810961135,0.5758453500036469
130,0.8183167793445889,0.21926471633364156,0.5758453500036469
131,0.6622057562263849,0.4411954275143292,0.5758453500036469
132,0.7983057227042007,0.38115987756667696,0.5758453500036469
133,0.5471079905143041,0.47950792357684235,0.5758453500036469
134,0.7183591000934229,0.5045730289811524,0.5758453500036469
135,0.4028315175836171,0.399609591957696,0.5758453500036469
136,0.5600601316027649,0.5943681319208172,0.5758453500036469
137,0.5109166439562999,0.670512601607733,0.5758453500036469
138,0.6324041205380345,0.622584656317674,0.5758453500036469
139,0.4295773209457282,0.7054515438647099,0.5758453500036469
140,0.5526335788307752,0.721146971869225,0.5758453500036469
141,0.3244903774803598,0.6789121175156745,0.5758453500036469
142,0.44368528079984876,0.7774431194581712,0.5758453500036469
143,0.2592524239367355,0.5393749386689446,0.5758453500036469
144,0.2778855197944341,0.7770021217345887,0.5758453500036469
145,0.417055138839111,0.820721647940626,0.5758453500036469
146,0.4868143651564257,0.7957930300424405,0.5758453500036469
147,0.3771608541791824,0.8402274978193499,0.5758453500036469
148,0.4381724106265475,0.8475417203919062,0.5758453500036469
149,0.3270983134332749,0.8348594783456591,0.5758453500036469
150,0.3851983700016214,0.8732125232285258,0.5758453500036469
151,0.2789884960375403,0.7810053615922161,0.5758453500036469
152,0.31538377885981345,0.8794289493666355,0.5758453500036469
153,0.2769461055471494,0.8852975172675843,0.5758453500036469
154,0.31492626298883936,0.9081397234948644,0.5758453500036469
155,0.34510602054607775,0.8891645919964988,0.5758453500036469
156,0.3123139462772993,0.8585495553548903,0.5758453500036469
157,0.29419358808874874,0.8383081764676232,0.5758453500036469
158,0.2620345137642938,0.834607757365479,0.5758453500036469
159,0.23673657054086455,0.8550651800629694,0.5758453500036469
160,0.23239745733923076,0.8822167802549554,0.5758453500036469
161,0.24138050301272065,0.9016297227996665,0.5758453500036469
162,0.2544505965219343,0.912157575846691,0.5758453500036469
163,0.26770252605348904,0.9164019782370066,0.5758453500036469
164,0.28009467904103613,0.9163400808856557,0.5758453500036469
165,0.2914821998052417,0.9128712471223461,0.5758453500036469
166,0.30176730509905697,0.9060474126849698,0.5758453500036469
167,0.31036170101507543,0.8952432601280529,0.5758453500036469
168,0.301982262711569,0.9225266410172392,0.5758453500036469
169,0.3294684129547803,0.9182292601916896,0.5758453500036469
170,0.3334630849987349,0.8680760618065688,0.5758453500036469
171,0.34022661103474505,0.7869456221818009,0.5758453500036469
172,0.2264535219465687,0.8165303367042877,0.5758453500036469
173,0.18099657006170727,0.7238743873975202,0.5758453500036469
174,0.1954397880225193,0.8770713541417229,0.5758453500036469
175,0.6048868828751293,-0.5122760723514873,0.5758453500036469
176,0.5557467678082081,-0.6648388387725702,0.5758453500036469
177,0.5615303657100169,-0.38982949824994195,0.5758453500036469
178,0.6954924681369867,-0.48739022125656556,0.5758453500036469
179,0.6482899866777526,-0.5868956812655569,0.5758453500036469
180,0.38396933553657386,-0.34942840928894786,0.5758453500036469
181,0.6801411932104331,-0.313180773734558,0.5758453500036469
182,0.2819935349023826,-0.5223798906257267,0.5758453500036469
183,0.31521810811801426,-0.12501201578133145,0.5758453500036469
184,0.4237661809644044,-0.5967170113870359,0.5758453500036469
185,0.23788202395218053,-0.6793712478436387,0.5758453500036469
186,0.08268164224901431,-0.46732608367144013,0.5758453500036469
187,0.4546715623899231,-0.44657249219448913,0.5758453500036469
188,0.5430124978647574,-0.5628564695336729,0.5758453500036469
189,0.5112872900977364,-0.6617958541003488,0.5758453500036469
190,0.43009870983774023,-0.7079681498410715,0.5758453500036469
191,0.32146056260811595,-0.6790029252470341,0.5758453500036469
192,0.3287571079810314,-0.28821355701696366,0.5758453500036469
193,0.6039524494184637,-0.4406644016416999,0.5758453500036469
194,0.08951624362720632,-0.34317592949828535,0.5758453500036469
195,0.44459235869232927,-0.08476940887264721,0.5758453500036469
196,0.05408677254592728,-0.5650693701633139,0.5758453500036469
197,-0.1207766932067592,-0.17950963709494677,0.5758453500036469
198,0.1791598851253073,-0.6811105442942196,0.5758453500036469
199,-0.09887519895397553,-0.6585792643782533,0.5758453500036469
200,0.25361939147465834,-0.5310065524912729,0.5758453500036469
201,0.31606447658167847,-0.6809501082302836,0.5758453500036469
202,0.25087858950390335,-0.7769129229616492,0.5758453500036469
203,0.1508465125760001,-0.7985165432661431,0.5758453500036469
204,0.049431583760134214,-0.734459424156851,0.5758453500036469
205,0.15648985430152337,-0.33433103403676034,0.5758453500036469
206,0.4182948291150201,-0.5642542217995015,0.5758453500036469
207,-0.09690139178729038,-0.3425676888996296,0.5758453500036469
208,0.31652015325759736,-0.1362034250252244,0.5758453500036469
209,-0.18051853142414087,-0.5489096719012414,0.5758453500036469
210,-0.2710113023895703,-0.1503345188309813,0.5758453500036469
211,-0.023209468921655207,-0.6417097334299187,0.5758453500036469
212,-0.23806247039618395,-0.6989294349482287,0.5758453500036469
213,-0.3622606061998826,-0.5097170215025675,0.5758453500036469
214,0.1480853047561847,-0.6107784776444992,0.5758453500036469
215,-0.0438297833637344,-0.779901931092047,0.5758453500036469
216,0.06383356016308497,-0.7115303101432074,0.5758453500036469
217,0.06362198820912177,-0.7986387912119223,0.5758453500036469
218,0.02228351917407076,-0.8495785264987175,0.5758453500036469
219,-0.028438450843075898,-0.8687083510153397,0.5758453500036469
220,-0.07941105215187663,-0.8634371736242987,0.5758453500036469
221,-0.12627024308506218,-0.8331450372200861,0.5758453500036469
222,-0.15605615125179434,-0.7706848409601341,0.5758453500036469
223,-0.13081840178092516,-0.6816806629693707,0.5758453500036469
224,0.0963732639162429,-0.5444671892510512,0.5758453500036469
225,0.14824758049589687,-0.7964655885641918,0.5758453500036469
226,0.24071981439850243,-0.804795135760127,0.5758453500036469
227,0.1252818556360187,-0.8735938001449448,0.5758453500036469
228,0.3189232538007247,-0.7615695569385671,0.5758453500036469
229,0.25582700455326085,-0.869863919303068,0.5758453500036469
230,0.3629068295212565,-0.6631340664112412,0.5758453500036469
231,0.3674004786914855,-0.8165812580079043,0.5758453500036469
232,0.2972153758595265,-0.5257112240966675,0.5758453500036469
233,0.4666826224397698,-0.6869049621759924,0.5758453500036469
234,0.5219798533716549,-0.6065732488281873,0.5758453500036469
235,0.53053162851155,-0.7211501110840965,0.5758453500036469
236,0.45051287726717076,-0.7610636800521188,0.5758453500036469
237,0.510022198294386,-0.48249282457717374,0.5758453500036469
238,0.5996676460846021,-0.6392390066306163,0.5758453500036469
239,0.20503270241141916,0.5152765814875678,0.5758453500036469
240,-0.09457206241437398,0.652510656005404,0.5758453500036469
241,0.37236165906487617,0.3994712942881273,0.5758453500036469
242,0.247162158802414,0.6780599258427646,0.5758453500036469
243,0.414481750933745,0.18571572080094856,0.5758453500036469
244,0.5112078026828679,0.4993807215025281,0.5758453500036469
245,0.6137523401449934,0.15819977032405086,0.5758453500036469
246,0.25858462561212436,-0.011266102626759937,0.5758453500036469
247,0.7082284073876823,0.2710658318172226,0.5758453500036469
248,0.7065635951142579,0.028292588348946324,0.5758453500036469
249,0.37934124810486536,-0.23300293432685676,0.5758453500036469
250,-0.022134312227794366,0.014204367113017057,0.5758453500036469
251,0.7032617925783116,0.3847216985576807,0.5758453500036469
252,0.8079607268647471,0.25409386345269647,0.5758453500036469
253,-0.1390757888846826,0.2667421466234041,0.5758453500036469
254,-0.1858819834445951,-0.2128283804941078,0.5758453500036469
255,0.8511864100159613,0.3044356463394753,0.5758453500036469
256,0.8551036318013432,0.19645732256357196,0.5758453500036469
257,0.8257378898870471,0.35308193965133144,0.5758453500036469
258,0.8839452062226942,0.32971880231153544,0.5758453500036469
259,0.8882289172177595,0.27771376396557607,0.5758453500036469
260,0.9037858506669217,0.21439115262519162,0.5758453500036469
261,0.8624386747409625,0.12827186670626264,0.5758453500036469
262,0.9173402672200319,0.24545419603589666,0.5758453500036469
263,0.9319532917038125,0.1974209566742255,0.5758453500036469
264,0.9165428761187682,0.12240638017954099,0.5758453500036469
265,0.8240415477036906,0.05745249654709262,0.5758453500036469
266,0.9129660774747288,0.2728651427618662,0.5758453500036469
267,0.9393111820005793,0.24495346689619876,0.5758453500036469
268,0.8783704514303455,0.2668081475410471,0.5758453500036469
269,0.9064561787182651,0.2985062381944553,0.5758453500036469
270,0.9286330138561945,0.28663746457933803,0.5758453500036469
271,0.9333805446959892,0.267011023138199,0.5758453500036469
272,0.8956708270326927,0.22597979850643993,0.5758453500036469
273,0.819590301494125,0.2615228759485152,0.5758453500036469
274,0.882394515782119,0.30780853912367107,0.5758453500036469
275,0.9279500030834974,0.231147071572099,0.5758453500036469
276,0.8887956820502257,0.1793257862014079,0.5758453500036469
277,0.9383734053537872,0.248773328665056,0.5758453500036469
278,0.944553312940536,0.21841016486513673,0.5758453500036469
279,0.9375564869345523,0.2645682013091428,0.5758453500036469
280,0.9512127567869756,0.24741573234230407,0.5758453500036469
281,0.9562387377038655,0.2534653442735139,0.5758453500036469
282,0.9571498203725826,0.24115534016840937,0.5758453500036469
283,0.9566505049157485,0.25912282947380094,0.5758453500036469
284,0.9609641941684549,0.2524763041990541,0.5758453500036469
285,-0.013752663873431544,0.47688039193479137,0.5758453500036469
286,-0.3794682756273019,0.304037846515875,0.5758453500036469
287,-0.1015456522714985,-0.4469751039893959,0.5758453500036469
288,-0.4318089036469484,-0.2013677916889317,0.5758453500036469
289,0.1961268953033376,0.5172450054059863,0.5758453500036469
290,-0.10984254717874353,0.6453458411957289,0.5758453500036469
291,-0.5384392346884332,-0.364607233563799,0.5758453500036469
292,-0.5632701352116875,-0.035210574457351373,0.5758453500036469
293,0.36707847489278544,0.4070260747400204,0.5758453500036469
294,0.23339099399456206,0.681701930481693,0.5758453500036469
295,0.41640765023515225,0.19594263960613487,0.5758453500036469
296,0.5022347950748046,0.5107521367237451,0.5758453500036469
297,0.2695594784243116,-0.005851088624954739,0.5758453500036469
298,0.6146731636782042,0.17582685752649263,0.5758453500036469
299,-0.011235806185009406,0.006843594424023478,0.5758453500036469
300,0.39907142698734577,-0.21995338408997914,0.5758453500036469
301,-0.13985027912296769,0.25476110890451226,0.5758453500036469
302,-0.16341000371367898,-0.22836992324599298,0.5758453500036469
303,-0.0221711605858047,0.4711277255427441,0.5758453500036469
304,-0.3839809085000933,0.28168528112185254,0.5758453500036469
305,0.18714071615069935,0.5189261367647022,0.5758453500036469
306,-0.12502902235032606,0.637585810354648,0.5758453500036469
307,0.3615666226210466,0.4143810859082074,0.5758453500036469
308,0.2194714053409323,0.6849639974473035,0.5758453500036469
309,0.4929828927786009,0.5218089297017985,0.5758453500036469
310,0.4179431553987382,0.20616294852454967,0.5758453500036469
311,0.39116565931999203,0.6162990871043901,0.5758453500036469
312,0.5289296132943315,0.6313233767129427,0.5758453500036469
313,0.6079966751963366,0.5450086753168155,0.5758453500036469
314,0.5741933166849866,0.40170367670571444,0.5758453500036469
315,0.6149754739276871,0.19327016742020148,0.5758453500036469
316,0.2802217243685551,0.0,0.5758453500036469
317,0.4179431553987382,-0.20616294852454967,0.5758453500036469
318,0.0,0.0,0.5758453500036469
319,0.6149754739276871,-0.19327016742020148,0.5758453500036469
320,0.3615666226210466,-0.4143810859082074,0.5758453500036469
321,0.2588911157091273,0.10723621130462278,0.5758453500036469
322,0.1981466815367929,0.1981466815367929,0.5758453500036469
323,0.10723621130462278,0.2588911157091273,0.5758453500036469
324,1.536900484005884e-78,0.2802217243685551,0.5758453500036469
325,-0.10723621130462278,0.2588911157091273,0.5758453500036469
326,-0.1981466815367929,0.1981466815367929,0.5758453500036469
327,-0.2588911157091273,0.10723621130462278,0.5758453500036469
328,-0.2802217243685551,3.073800968011768e-78,0.5758453500036469
329,-0.2588911157091273,-0.10723621130462278,0.5758453500036469
330,-0.1981466815367929,-0.1981466815367929,0.5758453500036469
331,-0.10723621130462278,-0.2588911157091273,0.5758453500036469
332,5.069466725766581e-78,-0.2802217243685551,0.5758453500036469
333,0.10723621130462278,-0.2588911157091273,0.5758453500036469
334,0.1981466815367929,-0.1981466815367929,0.5758453500036469
335,0.2588911157091273,-0.10723621130462278,0.5758453500036469
336,0.3222901692265393,0.8342759470120932,0.5758453500036469
337,0.4180768853006838,0.7850660368490512,0.5758453500036469
338,0.27563255776137124,0.8636265185762798,0.5758453500036469
339,0.3532092989340664,0.8678353427938519,0.5758453500036469
340,0.3464291984714326,0.8955135207200356,0.5758453500036469
341,0.38423679592900567,0.8711006685903718,0.5758453500036469
342,0.3304912017654604,0.9088202788107506,0.5758453500036469
343,0.3596354178080277,0.9073662223034141,0.5758453500036469
