,0,1,2,3,4,5,6,7,8,9,tau
0,0.8270101891070678,0.2163055887298299,0.1889529523189532,0.04573584936293961,0.1657361575078037,0.11965355444842503,0.09675977081512864,-0.004232406469382076,0.08662142927524745,0.41569456066965416,2.740597313906245
1,0.8270101891070678,0.2163055887298299,0.1889529523189532,0.04573584936293961,0.1657361575078037,0.11965355444842503,0.09675977081512864,-0.004232406469382076,0.08662142927524745,0.41569456066965416,2.740597313906245
2,0.8270101891070678,0.2163055887298299,0.1889529523189532,0.04573584936293961,0.1657361575078037,0.11965355444842503,0.09675977081512864,-0.004232406469382076,0.08662142927524745,0.41569456066965416,2.740597313906245
3,0.8270101891070678,0.2163055887298299,0.1889529523189532,0.04573584936293961,0.1657361575078037,0.11965355444842503,0.09675977081512864,-0.004232406469382076,0.08662142927524745,0.41569456066965416,2.740597313906245
4,0.8270101891070678,0.2163055887298299,0.1889529523189532,0.04573584936293961,0.1657361575078037,0.11965355444842503,0.09675977081512864,-0.004232406469382074,0.08662142927524745,0.41569456066965416,2.740597313906245
5,0.8270101891070678,0.2163055887298299,0.1889529523189532,0.04573584936293961,0.1657361575078037,0.11965355444842503,0.09675977081512864,-0.004232406469382076,0.08662142927524745,0.41569456066965416,2.740597313906245
6,0.8270101891070678,0.2163055887298299,0.1889529523189532,0.04573584936293961,0.1657361575078037,0.11965355444842503,0.09675977081512864,-0.004232406469382076,0.08662142927524745,0.41569456066965416,2.740597313906245
7,0.8270101891070678,0.2163055887298299,0.1889529523189532,0.04573584936293961,0.1657361575078037,0.11965355444842503,0.09675977081512864,-0.004232406469382076,0.08662142927524745,0.41569456066965416,2.740597313906245
8,0.8270101891070678,0.2163055887298299,0.1889529523189532,0.04573584936293961,0.1657361575078037,0.11965355444842503,0.09675977081512864,-0.004232406469382076,0.08662142927524745,0.41569456066965416,2.740597313906245
9,0.8270101891070678,0.2163055887298299,0.1889529523189532,0.04573584936293961,0.1657361575078037,0.11965355444842503,0.09675977081512864,-0.004232406469382074,0.08662142927524745,0.41569456066965416,2.740597313906245
10,0.8270101891070678,0.2163055887298299,0.1889529523189532,0.045735849362939625,0.1657361575078037,0.11965355444842503,0.09675977081512864,-0.004232406469382066,0.08662142927524744,0.4156945606696541,2.740597313906245
11,0.8270101891070678,0.2163055887298299,0.1889529523189532,0.04573584936293961,0.1657361575078037,0.11965355444842503,0.09675977081512864,-0.004232406469382076,0.08662142927524745,0.41569456066965416,2.740597313906245
12,0.8270101891070678,0.2163055887298299,0.1889529523189532,0.04573584936293961,0.1657361575078037,0.11965355444842503,0.09675977081512864,-0.004232406469382076,0.08662142927524745,0.41569456066965416,2.740597313906245
13,0.8270101891070678,0.2163055887298299,0.1889529523189532,0.04573584936293961,0.1657361575078037,0.11965355444842503,0.09675977081512864,-0.004232406469382076,0.08662142927524745,0.41569456066965416,2.740597313906245
14,0.8270101891070678,0.2163055887298299,0.1889529523189532,0.04573584936293961,0.1657361575078037,0.11965355444842503,0.09675977081512864,-0.004232406469382076,0.08662142927524745,0.41569456066965416,2.740597313906245
15,0.8270101891070678,0.2163055887298299,0.1889529523189532,0.04573584936293961,0.1657361575078037,0.11965355444842503,0.09675977081512864,-0.004232406469382076,0.08662142927524745,0.41569456066965416,2.740597313906245
16,0.8270101891070678,0.2163055887298299,0.1889529523189532,0.04573584936293961,0.1657361575078037,0.11965355444842503,0.09675977081512864,-0.004232406469382076,0.08662142927524745,0.41569456066965416,2.740597313906245
17,0.8270101891070678,0.2163055887298299,0.1889529523189532,0.04573584936293961,0.1657361575078037,0.11965355444842503,0.09675977081512864,-0.004232406469382076,0.08662142927524745,0.41569456066965416,2.740597313906245
18,0.8270101891070678,0.2163055887298299,0.1889529523189532,0.04573584936293961,0.1657361575078037,0.11965355444842503,0.09675977081512864,-0.004232406469382076,0.08662142927524745,0.41569456066965416,2.740597313906245
19,0.8270101891070678,0.2163055887298299,0.1889529523189532,0.04573584936293961,0.1657361575078037,0.11965355444842503,0.09675977081512864,-0.004232406469382074,0.08662142927524745,0.41569456066965416,2.740597313906245
20,0.8270101891070678,0.2163055887298299,0.1889529523189532,0.04573584936293961,0.1657361575078037,0.11965355444842503,0.09675977081512864,-0.004232406469382074,0.08662142927524745,0.41569456066965416,2.740597313906245
21,0.8270101891070677,0.21630558872982994,0.18895295231895318,0.04573584936293968,0.16573615750780366,0.11965355444842499,0.09675977081512861,-0.004232406469382018,0.08662142927524741,0.4156945606696541,2.740597313906245
22,0.8270101891070678,0.2163055887298299,0.1889529523189532,0.045735849362939625,0.1657361575078037,0.11965355444842503,0.09675977081512864,-0.0042324064693820655,0.08662142927524745,0.41569456066965416,2.740597313906245
23,0.8270101891070678,0.2163055887298299,0.1889529523189532,0.04573584936293961,0.1657361575078037,0.11965355444842503,0.09675977081512864,-0.004232406469382076,0.08662142927524745,0.41569456066965416,2.740597313906245
24,0.8270101891070678,0.2163055887298299,0.1889529523189532,0.04573584936293961,0.1657361575078037,0.11965355444842503,0.09675977081512864,-0.004232406469382076,0.08662142927524745,0.41569456066965416,2.740597313906245
25,0.8270101891070678,0.2163055887298299,0.1889529523189532,0.04573584936293961,0.1657361575078037,0.11965355444842503,0.09675977081512864,-0.004232406469382076,0.08662142927524745,0.41569456066965416,2.740597313906245
26,0.8270101891070678,0.2163055887298299,0.1889529523189532,0.04573584936293961,0.1657361575078037,0.11965355444842503,0.09675977081512864,-0.004232406469382076,0.08662142927524745,0.41569456066965416,2.740597313906245
27,0.8270101891070678,0.2163055887298299,0.1889529523189532,0.04573584936293961,0.1657361575078037,0.11965355444842503,0.09675977081512864,-0.004232406469382076,0.08662142927524745,0.41569456066965416,2.740597313906245
28,0.8270101891070678,0.2163055887298299,0.1889529523189532,0.04573584936293961,0.1657361575078037,0.11965355444842503,0.09675977081512864,-0.004232406469382076,0.08662142927524745,0.41569456066965416,2.740597313906245
29,0.8270101891070678,0.2163055887298299,0.1889529523189532,0.04573584936293961,0.1657361575078037,0.11965355444842503,0.09675977081512864,-0.004232406469382076,0.08662142927524745,0.41569456066965416,2.740597313906245
30,0.8270101891070678,0.2163055887298299,0.1889529523189532,0.04573584936293961,0.1657361575078037,0.11965355444842503,0.09675977081512864,-0.004232406469382076,0.08662142927524745,0.41569456066965416,2.740597313906245
31,0.8270101891070678,0.2163055887298299,0.1889529523189532,0.04573584936293961,0.1657361575078037,0.11965355444842503,0.09675977081512864,-0.004232406469382076,0.08662142927524745,0.41569456066965416,2.740597313906245
32,0.8270101891070678,0.2163055887298299,0.1889529523189532,0.04573584936293961,0.1657361575078037,0.11965355444842503,0.09675977081512864,-0.004232406469382076,0.08662142927524745,0.41569456066965416,2.740597313906245
33,0.8270101891070678,0.2163055887298299,0.1889529523189532,0.04573584936293961,0.1657361575078037,0.11965355444842503,0.09675977081512864,-0.004232406469382076,0.08662142927524745,0.41569456066965416,2.740597313906245
34,0.8270101891070678,0.2163055887298299,0.1889529523189532,0.04573584936293961,0.1657361575078037,0.11965355444842503,0.09675977081512864,-0.004232406469382076,0.08662142927524745,0.41569456066965416,2.740597313906245
35,0.8270101891070678,0.2163055887298299,0.1889529523189532,0.04573584936293961,0.1657361575078037,0.11965355444842503,0.09675977081512864,-0.004232406469382076,0.08662142927524745,0.41569456066965416,2.740597313906245
36,0.8270101891070678,0.2163055887298299,0.1889529523189532,0.04573584936293961,0.1657361575078037,0.11965355444842503,0.09675977081512864,-0.004232406469382076,0.08662142927524745,0.41569456066965416,2.740597313906245
37,0.8270101891070678,0.2163055887298299,0.1889529523189532,0.04573584936293961,0.1657361575078037,0.11965355444842503,0.09675977081512864,-0.004232406469382076,0.08662142927524745,0.41569456066965416,2.740597313906245
38,0.8270101891070678,0.2163055887298299,0.1889529523189532,0.04573584936293961,0.1657361575078037,0.11965355444842503,0.09675977081512864,-0.004232406469382076,0.08662142927524745,0.41569456066965416,2.740597313906245
39,0.8270101891070678,0.2163055887298299,0.1889529523189532,0.04573584936293961,0.1657361575078037,0.11965355444842503,0.09675977081512864,-0.004232406469382076,0.08662142927524745,0.41569456066965416,2.740597313906245
40,0.8270101891070678,0.2163055887298299,0.1889529523189532,0.04573584936293961,0.1657361575078037,0.11965355444842503,0.09675977081512864,-0.004232406469382076,0.08662142927524745,0.41569456066965416,2.740597313906245
41,0.8270101891070678,0.2163055887298299,0.1889529523189532,0.04573584936293961,0.1657361575078037,0.11965355444842503,0.09675977081512864,-0.004232406469382076,0.08662142927524745,0.41569456066965416,2.740597313906245
42,0.8270101891070678,0.2163055887298299,0.1889529523189532,0.04573584936293961,0.1657361575078037,0.11965355444842503,0.09675977081512864,-0.004232406469382076,0.08662142927524745,0.41569456066965416,2.740597313906245
43,0.8270101891070678,0.2163055887298299,0.1889529523189532,0.04573584936293961,0.1657361575078037,0.11965355444842503,0.09675977081512864,-0.004232406469382076,0.08662142927524745,0.41569456066965416,2.740597313906245
44,0.8270101891070678,0.2163055887298299,0.1889529523189532,0.04573584936293961,0.1657361575078037,0.11965355444842503,0.09675977081512864,-0.004232406469382076,0.08662142927524745,0.41569456066965416,2.740597313906245
45,0.8270101891070678,0.2163055887298299,0.1889529523189532,0.04573584936293961,0.1657361575078037,0.11965355444842503,0.09675977081512864,-0.004232406469382076,0.08662142927524745,0.41569456066965416,2.740597313906245
46,0.8270101891070678,0.2163055887298299,0.1889529523189532,0.04573584936293961,0.1657361575078037,0.11965355444842503,0.09675977081512864,-0.004232406469382076,0.08662142927524745,0.41569456066965416,2.740597313906245
47,0.8270101891070678,0.2163055887298299,0.1889529523189532,0.04573584936293961,0.1657361575078037,0.11965355444842503,0.09675977081512864,-0.004232406469382076,0.08662142927524745,0.41569456066965416,2.740597313906245
48,0.8270101891070678,0.2163055887298299,0.1889529523189532,0.04573584936293961,0.1657361575078037,0.11965355444842503,0.09675977081512864,-0.004232406469382076,0.08662142927524745,0.41569456066965416,2.740597313906245
49,0.8270101891070678,0.2163055887298299,0.1889529523189532,0.04573584936293961,0.1657361575078037,0.11965355444842503,0.09675977081512864,-0.004232406469382076,0.08662142927524745,0.41569456066965416,2.740597313906245
50,0.8270101891070678,0.2163055887298299,0.1889529523189532,0.04573584936293961,0.1657361575078037,0.11965355444842503,0.09675977081512864,-0.004232406469382076,0.08662142927524745,0.41569456066965416,2.740597313906245
51,0.8270101891070678,0.2163055887298299,0.1889529523189532,0.04573584936293961,0.1657361575078037,0.11965355444842503,0.09675977081512864,-0.004232406469382076,0.08662142927524745,0.41569456066965416,2.740597313906245
52,0.8270101891070678,0.2163055887298299,0.1889529523189532,0.04573584936293961,0.1657361575078037,0.11965355444842503,0.09675977081512864,-0.004232406469382076,0.08662142927524745,0.41569456066965416,2.740597313906245
53,0.8270101891070678,0.2163055887298299,0.1889529523189532,0.04573584936293961,0.1657361575078037,0.11965355444842503,0.09675977081512864,-0.004232406469382076,0.08662142927524745,0.41569456066965416,2.740597313906245
54,0.8270101891070678,0.2163055887298299,0.1889529523189532,0.04573584936293961,0.1657361575078037,0.11965355444842503,0.09675977081512864,-0.004232406469382076,0.08662142927524745,0.41569456066965416,2.740597313906245
55,0.8270101891070678,0.2163055887298299,0.1889529523189532,0.04573584936293961,0.1657361575078037,0.11965355444842503,0.09675977081512864,-0.004232406469382076,0.08662142927524745,0.41569456066965416,2.740597313906245
56,0.8270101891070678,0.2163055887298299,0.1889529523189532,0.04573584936293961,0.1657361575078037,0.11965355444842503,0.09675977081512864,-0.004232406469382076,0.08662142927524745,0.41569456066965416,2.740597313906245
57,0.8270101891070678,0.2163055887298299,0.1889529523189532,0.04573584936293961,0.1657361575078037,0.11965355444842503,0.09675977081512864,-0.004232406469382076,0.08662142927524745,0.41569456066965416,2.740597313906245
58,0.8270101891070678,0.2163055887298299,0.1889529523189532,0.04573584936293961,0.1657361575078037,0.11965355444842503,0.09675977081512864,-0.004232406469382076,0.08662142927524745,0.41569456066965416,2.740597313906245
59,0.8270101891070678,0.2163055887298299,0.1889529523189532,0.04573584936293961,0.1657361575078037,0.11965355444842503,0.09675977081512864,-0.004232406469382076,0.08662142927524745,0.41569456066965416,2.740597313906245
60,0.8270101891070678,0.2163055887298299,0.1889529523189532,0.04573584936293961,0.1657361575078037,0.11965355444842503,0.09675977081512864,-0.004232406469382076,0.08662142927524745,0.41569456066965416,2.740597313906245
61,0.8270101891070678,0.2163055887298299,0.1889529523189532,0.04573584936293961,0.1657361575078037,0.11965355444842503,0.09675977081512864,-0.004232406469382076,0.08662142927524745,0.41569456066965416,2.740597313906245
62,0.8270101891070678,0.2163055887298299,0.1889529523189532,0.04573584936293961,0.1657361575078037,0.11965355444842503,0.09675977081512864,-0.004232406469382076,0.08662142927524745,0.41569456066965416,2.740597313906245
63,0.8270101891070678,0.2163055887298299,0.1889529523189532,0.04573584936293961,0.1657361575078037,0.11965355444842503,0.09675977081512864,-0.004232406469382076,0.08662142927524745,0.41569456066965416,2.740597313906245
64,0.8270101891070678,0.2163055887298299,0.1889529523189532,0.04573584936293961,0.1657361575078037,0.11965355444842503,0.09675977081512864,-0.004232406469382076,0.08662142927524745,0.41569456066965416,2.740597313906245
65,0.8270101891070678,0.2163055887298299,0.1889529523189532,0.04573584936293961,0.1657361575078037,0.11965355444842503,0.09675977081512864,-0.004232406469382076,0.08662142927524745,0.41569456066965416,2.740597313906245
66,0.8270101891070678,0.2163055887298299,0.1889529523189532,0.04573584936293961,0.1657361575078037,0.11965355444842503,0.09675977081512864,-0.004232406469382076,0.08662142927524745,0.41569456066965416,2.740597313906245
67,0.8270101891070678,0.2163055887298299,0.1889529523189532,0.04573584936293961,0.1657361575078037,0.11965355444842503,0.09675977081512864,-0.004232406469382076,0.08662142927524745,0.41569456066965416,2.740597313906245
68,0.8270101891070678,0.2163055887298299,0.1889529523189532,0.04573584936293961,0.1657361575078037,0.11965355444842503,0.09675977081512864,-0.004232406469382076,0.08662142927524745,0.41569456066965416,2.740597313906245
69,0.8270101891070678,0.2163055887298299,0.1889529523189532,0.04573584936293961,0.1657361575078037,0.11965355444842503,0.09675977081512864,-0.004232406469382076,0.08662142927524745,0.41569456066965416,2.740597313906245
70,0.8270101891070678,0.2163055887298299,0.1889529523189532,0.04573584936293961,0.1657361575078037,0.11965355444842503,0.09675977081512864,-0.004232406469382076,0.08662142927524745,0.41569456066965416,2.740597313906245
71,0.8270101891070678,0.2163055887298299,0.1889529523189532,0.04573584936293961,0.1657361575078037,0.11965355444842503,0.09675977081512864,-0.004232406469382076,0.08662142927524745,0.41569456066965416,2.740597313906245
72,0.8270101891070678,0.2163055887298299,0.1889529523189532,0.04573584936293961,0.1657361575078037,0.11965355444842503,0.09675977081512864,-0.004232406469382076,0.08662142927524745,0.41569456066965416,2.740597313906245
73,0.8270101891070678,0.2163055887298299,0.1889529523189532,0.04573584936293961,0.1657361575078037,0.11965355444842503,0.09675977081512864,-0.004232406469382076,0.08662142927524745,0.41569456066965416,2.740597313906245
74,0.8270101891070678,0.2163055887298299,0.1889529523189532,0.04573584936293961,0.1657361575078037,0.11965355444842503,0.09675977081512864,-0.004232406469382076,0.08662142927524745,0.41569456066965416,2.740597313906245
75,0.8270101891070678,0.2163055887298299,0.1889529523189532,0.04573584936293961,0.1657361575078037,0.11965355444842503,0.09675977081512864,-0.004232406469382076,0.08662142927524745,0.41569456066965416,2.740597313906245
76,0.8270101891070678,0.2163055887298299,0.1889529523189532,0.04573584936293961,0.1657361575078037,0.11965355444842503,0.09675977081512864,-0.004232406469382076,0.08662142927524745,0.41569456066965416,2.740597313906245
77,0.8270101891070678,0.2163055887298299,0.1889529523189532,0.04573584936293961,0.1657361575078037,0.11965355444842503,0.09675977081512864,-0.004232406469382076,0.08662142927524745,0.41569456066965416,2.740597313906245
78,0.8270101891070678,0.2163055887298299,0.1889529523189532,0.04573584936293961,0.1657361575078037,0.11965355444842503,0.09675977081512864,-0.004232406469382076,0.08662142927524745,0.41569456066965416,2.740597313906245
79,0.8270101891070678,0.2163055887298299,0.1889529523189532,0.04573584936293961,0.1657361575078037,0.11965355444842503,0.09675977081512864,-0.004232406469382076,0.08662142927524745,0.41569456066965416,2.740597313906245
80,0.8270101891070678,0.2163055887298299,0.1889529523189532,0.04573584936293961,0.1657361575078037,0.11965355444842503,0.09675977081512864,-0.004232406469382076,0.08662142927524745,0.41569456066965416,2.740597313906245
81,0.8270101891070678,0.2163055887298299,0.1889529523189532,0.04573584936293961,0.1657361575078037,0.11965355444842503,0.09675977081512864,-0.004232406469382076,0.08662142927524745,0.41569456066965416,2.740597313906245
82,0.8270101891070678,0.2163055887298299,0.1889529523189532,0.04573584936293961,0.1657361575078037,0.11965355444842503,0.09675977081512864,-0.004232406469382076,0.08662142927524745,0.41569456066965416,2.740597313906245
83,0.8270101891070678,0.2163055887298299,0.1889529523189532,0.04573584936293961,0.1657361575078037,0.11965355444842503,0.09675977081512864,-0.004232406469382076,0.08662142927524745,0.41569456066965416,2.740597313906245
84,0.8270101891070678,0.2163055887298299,0.1889529523189532,0.04573584936293961,0.1657361575078037,0.11965355444842503,0.09675977081512864,-0.004232406469382076,0.08662142927524745,0.41569456066965416,2.740597313906245
85,0.8270101891070678,0.2163055887298299,0.1889529523189532,0.04573584936293961,0.1657361575078037,0.11965355444842503,0.09675977081512864,-0.004232406469382076,0.08662142927524745,0.41569456066965416,2.740597313906245
86,0.8270101891070678,0.2163055887298299,0.1889529523189532,0.04573584936293961,0.1657361575078037,0.11965355444842503,0.09675977081512864,-0.004232406469382076,0.08662142927524745,0.41569456066965416,2.740597313906245
87,0.8270101891070678,0.2163055887298299,0.1889529523189532,0.04573584936293961,0.1657361575078037,0.11965355444842503,0.09675977081512864,-0.004232406469382076,0.08662142927524745,0.41569456066965416,2.740597313906245
88,0.8270101891070678,0.2163055887298299,0.1889529523189532,0.04573584936293961,0.1657361575078037,0.11965355444842503,0.09675977081512864,-0.004232406469382076,0.08662142927524745,0.41569456066965416,2.740597313906245
89,0.8270101891070678,0.2163055887298299,0.1889529523189532,0.04573584936293961,0.1657361575078037,0.11965355444842503,0.09675977081512864,-0.004232406469382076,0.08662142927524745,0.41569456066965416,2.740597313906245
90,0.8270101891070678,0.2163055887298299,0.1889529523189532,0.04573584936293961,0.1657361575078037,0.11965355444842503,0.09675977081512864,-0.004232406469382076,0.08662142927524745,0.41569456066965416,2.740597313906245
91,0.8270101891070678,0.2163055887298299,0.1889529523189532,0.04573584936293961,0.1657361575078037,0.11965355444842503,0.09675977081512864,-0.004232406469382076,0.08662142927524745,0.41569456066965416,2.740597313906245
92,0.8270101891070678,0.2163055887298299,0.1889529523189532,0.04573584936293961,0.1657361575078037,0.11965355444842503,0.09675977081512864,-0.004232406469382076,0.08662142927524745,0.41569456066965416,2.740597313906245
93,0.8270101891070678,0.2163055887298299,0.1889529523189532,0.04573584936293961,0.1657361575078037,0.11965355444842503,0.09675977081512864,-0.004232406469382076,0.08662142927524745,0.41569456066965416,2.740597313906245
94,0.8270101891070678,0.2163055887298299,0.1889529523189532,0.04573584936293961,0.1657361575078037,0.11965355444842503,0.09675977081512864,-0.004232406469382076,0.08662142927524745,0.41569456066965416,2.740597313906245
95,0.8270101891070678,0.2163055887298299,0.1889529523189532,0.04573584936293961,0.1657361575078037,0.11965355444842503,0.09675977081512864,-0.004232406469382076,0.08662142927524745,0.41569456066965416,2.740597313906245
96,0.8270101891070678,0.2163055887298299,0.1889529523189532,0.04573584936293961,0.1657361575078037,0.11965355444842503,0.09675977081512864,-0.004232406469382076,0.08662142927524745,0.41569456066965416,2.740597313906245
97,0.8270101891070678,0.2163055887298299,0.1889529523189532,0.04573584936293961,0.1657361575078037,0.11965355444842503,0.09675977081512864,-0.004232406469382076,0.08662142927524745,0.41569456066965416,2.740597313906245
98,0.8270101891070678,0.2163055887298299,0.1889529523189532,0.04573584936293961,0.1657361575078037,0.11965355444842503,0.09675977081512864,-0.004232406469382076,0.08662142927524745,0.41569456066965416,2.740597313906245
99,0.8270101891070678,0.2163055887298299,0.1889529523189532,0.04573584936293961,0.1657361575078037,0.11965355444842503,0.09675977081512864,-0.004232406469382076,0.08662142927524745,0.41569456066965416,2.740597313906245
100,0.8270101891070678,0.2163055887298299,0.1889529523189532,0.04573584936293961,0.1657361575078037,0.11965355444842503,0.09675977081512864,-0.004232406469382076,0.08662142927524745,0.41569456066965416,2.740597313906245
101,0.8270101891070678,0.2163055887298299,0.1889529523189532,0.04573584936293961,0.1657361575078037,0.11965355444842503,0.09675977081512864,-0.004232406469382076,0.08662142927524745,0.41569456066965416,2.740597313906245
102,0.8270101891070678,0.2163055887298299,0.1889529523189532,0.04573584936293961,0.1657361575078037,0.11965355444842503,0.09675977081512864,-0.004232406469382076,0.08662142927524745,0.41569456066965416,2.740597313906245
103,0.8270101891070678,0.2163055887298299,0.1889529523189532,0.04573584936293961,0.1657361575078037,0.11965355444842503,0.09675977081512864,-0.004232406469382076,0.08662142927524745,0.41569456066965416,2.740597313906245
104,0.8270101891070678,0.2163055887298299,0.1889529523189532,0.04573584936293961,0.1657361575078037,0.11965355444842503,0.09675977081512864,-0.004232406469382076,0.08662142927524745,0.41569456066965416,2.740597313906245
105,0.8270101891070678,0.2163055887298299,0.1889529523189532,0.04573584936293961,0.1657361575078037,0.11965355444842503,0.09675977081512864,-0.004232406469382076,0.08662142927524745,0.41569456066965416,2.740597313906245
106,0.8270101891070678,0.2163055887298299,0.1889529523189532,0.04573584936293961,0.1657361575078037,0.11965355444842503,0.09675977081512864,-0.004232406469382076,0.08662142927524745,0.41569456066965416,2.740597313906245
107,0.8270101891070678,0.2163055887298299,0.1889529523189532,0.04573584936293961,0.1657361575078037,0.11965355444842503,0.09675977081512864,-0.004232406469382076,0.08662142927524745,0.41569456066965416,2.740597313906245
108,0.8270101891070678,0.2163055887298299,0.1889529523189532,0.04573584936293961,0.1657361575078037,0.11965355444842503,0.09675977081512864,-0.004232406469382076,0.08662142927524745,0.41569456066965416,2.740597313906245
109,0.8270101891070678,0.2163055887298299,0.1889529523189532,0.04573584936293961,0.1657361575078037,0.11965355444842503,0.09675977081512864,-0.004232406469382074,0.08662142927524745,0.41569456066965416,2.740597313906245
110,0.8270101891070678,0.2163055887298299,0.1889529523189532,0.04573584936293961,0.1657361575078037,0.11965355444842503,0.09675977081512864,-0.004232406469382074,0.08662142927524745,0.41569456066965416,2.740597313906245
111,0.8270101891070678,0.2163055887298299,0.1889529523189532,0.04573584936293961,0.1657361575078037,0.11965355444842503,0.09675977081512864,-0.004232406469382074,0.08662142927524745,0.41569456066965416,2.740597313906245
112,0.8270101891070678,0.2163055887298299,0.1889529523189532,0.04573584936293961,0.1657361575078037,0.11965355444842503,0.09675977081512864,-0.004232406469382074,0.08662142927524745,0.41569456066965416,2.740597313906245
113,0.8270101891070673,0.21630558872983016,0.18895295231895307,0.04573584936294004,0.16573615750780332,0.1196535544484248,0.09675977081512849,-0.004232406469381715,0.08662142927524726,0.41569456066965405,2.740597313906245
114,0.8270101891070678,0.21630558872982994,0.18895295231895318,0.0457358493629397,0.16573615750780368,0.11965355444842501,0.09675977081512864,-0.0042324064693820135,0.08662142927524745,0.41569456066965416,2.740597313906245
115,0.8270101891070678,0.2163055887298299,0.1889529523189532,0.04573584936293961,0.1657361575078037,0.11965355444842503,0.09675977081512864,-0.004232406469382074,0.08662142927524745,0.41569456066965416,2.740597313906245
116,0.8270101891070678,0.2163055887298299,0.1889529523189532,0.04573584936293961,0.1657361575078037,0.11965355444842503,0.09675977081512864,-0.004232406469382074,0.08662142927524745,0.41569456066965416,2.740597313906245
117,0.8270101891070678,0.2163055887298299,0.1889529523189532,0.04573584936293961,0.1657361575078037,0.11965355444842503,0.09675977081512864,-0.004232406469382074,0.08662142927524745,0.41569456066965416,2.740597313906245
118,0.8270101891070678,0.2163055887298299,0.1889529523189532,0.04573584936293961,0.1657361575078037,0.11965355444842503,0.09675977081512864,-0.004232406469382074,0.08662142927524745,0.41569456066965416,2.740597313906245
119,0.8270101891070678,0.2163055887298299,0.1889529523189532,0.04573584936293961,0.1657361575078037,0.11965355444842503,0.09675977081512864,-0.004232406469382074,0.08662142927524745,0.41569456066965416,2.740597313906245
120,0.8270101891070678,0.2163055887298299,0.1889529523189532,0.04573584936293961,0.1657361575078037,0.11965355444842503,0.09675977081512864,-0.004232406469382074,0.08662142927524745,0.41569456066965416,2.740597313906245
121,0.8270101891070678,0.2163055887298299,0.1889529523189532,0.04573584936293961,0.1657361575078037,0.11965355444842503,0.09675977081512864,-0.004232406469382074,0.08662142927524745,0.41569456066965416,2.740597313906245
122,0.8270101891070678,0.2163055887298299,0.1889529523189532,0.04573584936293961,0.1657361575078037,0.11965355444842503,0.09675977081512864,-0.004232406469382074,0.08662142927524745,0.41569456066965416,2.740597313906245
123,0.8270101891070678,0.2163055887298299,0.1889529523189532,0.04573584936293961,0.1657361575078037,0.11965355444842503,0.09675977081512864,-0.004232406469382074,0.08662142927524745,0.41569456066965416,2.740597313906245
124,0.8270101891070678,0.2163055887298299,0.1889529523189532,0.04573584936293961,0.1657361575078037,0.11965355444842503,0.09675977081512864,-0.004232406469382074,0.08662142927524745,0.41569456066965416,2.740597313906245
125,0.8270101891070678,0.2163055887298299,0.1889529523189532,0.04573584936293961,0.1657361575078037,0.11965355444842503,0.09675977081512864,-0.004232406469382074,0.08662142927524745,0.41569456066965416,2.740597313906245
126,0.8270101891070678,0.2163055887298299,0.1889529523189532,0.04573584936293961,0.1657361575078037,0.11965355444842503,0.09675977081512864,-0.004232406469382074,0.08662142927524745,0.41569456066965416,2.740597313906245
127,0.8270101891070678,0.2163055887298299,0.1889529523189532,0.04573584936293961,0.1657361575078037,0.11965355444842503,0.09675977081512864,-0.004232406469382074,0.08662142927524745,0.41569456066965416,2.740597313906245
128,0.8270101891070678,0.2163055887298299,0.1889529523189532,0.04573584936293961,0.1657361575078037,0.11965355444842503,0.09675977081512864,-0.004232406469382074,0.08662142927524745,0.41569456066965416,2.740597313906245
129,0.8270101891070678,0.2163055887298299,0.1889529523189532,0.04573584936293961,0.1657361575078037,0.11965355444842503,0.09675977081512864,-0.004232406469382074,0.08662142927524745,0.41569456066965416,2.740597313906245
130,0.8270101891070678,0.2163055887298299,0.1889529523189532,0.04573584936293961,0.1657361575078037,0.11965355444842503,0.09675977081512864,-0.004232406469382074,0.08662142927524745,0.41569456066965416,2.740597313906245
131,0.8270101891070678,0.2163055887298299,0.1889529523189532,0.04573584936293961,0.1657361575078037,0.11965355444842503,0.09675977081512864,-0.004232406469382074,0.08662142927524745,0.41569456066965416,2.740597313906245
132,0.8270101891070678,0.2163055887298299,0.1889529523189532,0.04573584936293961,0.1657361575078037,0.11965355444842503,0.09675977081512864,-0.004232406469382074,0.08662142927524745,0.41569456066965416,2.740597313906245
133,0.8270101891070678,0.2163055887298299,0.1889529523189532,0.04573584936293961,0.1657361575078037,0.11965355444842503,0.09675977081512864,-0.004232406469382074,0.08662142927524745,0.41569456066965416,2.740597313906245
134,0.8270101891070678,0.2163055887298299,0.1889529523189532,0.04573584936293961,0.1657361575078037,0.11965355444842503,0.09675977081512864,-0.004232406469382074,0.08662142927524745,0.41569456066965416,2.740597313906245
135,0.8270101891070678,0.2163055887298299,0.1889529523189532,0.04573584936293961,0.1657361575078037,0.11965355444842503,0.09675977081512864,-0.004232406469382074,0.08662142927524745,0.41569456066965416,2.740597313906245
136,0.8270101891070678,0.2163055887298299,0.1889529523189532,0.04573584936293961,0.1657361575078037,0.11965355444842503,0.09675977081512864,-0.004232406469382074,0.08662142927524745,0.41569456066965416,2.740597313906245
137,0.8270101891070678,0.2163055887298299,0.1889529523189532,0.04573584936293961,0.1657361575078037,0.11965355444842503,0.09675977081512864,-0.004232406469382074,0.08662142927524745,0.41569456066965416,2.740597313906245
138,0.8270101891070678,0.2163055887298299,0.1889529523189532,0.04573584936293961,0.1657361575078037,0.11965355444842503,0.09675977081512864,-0.004232406469382074,0.08662142927524745,0.41569456066965416,2.740597313906245
139,0.8270101891070678,0.2163055887298299,0.1889529523189532,0.04573584936293961,0.1657361575078037,0.11965355444842503,0.09675977081512864,-0.004232406469382074,0.08662142927524745,0.41569456066965416,2.740597313906245
140,0.8270101891070678,0.2163055887298299,0.1889529523189532,0.04573584936293961,0.1657361575078037,0.11965355444842503,0.09675977081512864,-0.004232406469382074,0.08662142927524745,0.41569456066965416,2.740597313906245
141,0.8270101891070678,0.2163055887298299,0.1889529523189532,0.04573584936293961,0.1657361575078037,0.11965355444842503,0.09675977081512864,-0.004232406469382074,0.08662142927524745,0.41569456066965416,2.740597313906245
142,0.8270101891070678,0.2163055887298299,0.1889529523189532,0.04573584936293961,0.1657361575078037,0.11965355444842503,0.09675977081512864,-0.004232406469382074,0.08662142927524745,0.41569456066965416,2.740597313906245
143,0.8270101891070678,0.2163055887298299,0.1889529523189532,0.04573584936293961,0.1657361575078037,0.11965355444842503,0.09675977081512864,-0.004232406469382074,0.08662142927524745,0.41569456066965416,2.740597313906245
144,0.8270101891070678,0.2163055887298299,0.1889529523189532,0.04573584936293961,0.1657361575078037,0.11965355444842503,0.09675977081512864,-0.004232406469382074,0.08662142927524745,0.41569456066965416,2.740597313906245
145,0.8270101891070678,0.2163055887298299,0.1889529523189532,0.04573584936293961,0.1657361575078037,0.11965355444842503,0.09675977081512864,-0.004232406469382074,0.08662142927524745,0.41569456066965416,2.740597313906245
146,0.8270101891070678,0.2163055887298299,0.1889529523189532,0.04573584936293961,0.1657361575078037,0.11965355444842503,0.09675977081512864,-0.004232406469382074,0.08662142927524745,0.41569456066965416,2.740597313906245
147,0.8270101891070678,0.2163055887298299,0.1889529523189532,0.04573584936293961,0.1657361575078037,0.11965355444842503,0.09675977081512864,-0.004232406469382074,0.08662142927524745,0.41569456066965416,2.740597313906245
148,0.8270101891070678,0.2163055887298299,0.1889529523189532,0.04573584936293961,0.1657361575078037,0.11965355444842503,0.09675977081512864,-0.004232406469382074,0.08662142927524745,0.41569456066965416,2.740597313906245
149,0.8270101891070678,0.2163055887298299,0.1889529523189532,0.04573584936293961,0.1657361575078037,0.11965355444842503,0.09675977081512864,-0.004232406469382074,0.08662142927524745,0.41569456066965416,2.740597313906245
150,0.8270101891070678,0.2163055887298299,0.1889529523189532,0.04573584936293961,0.1657361575078037,0.11965355444842503,0.09675977081512864,-0.004232406469382074,0.08662142927524745,0.41569456066965416,2.740597313906245
151,0.8270101891070678,0.2163055887298299,0.1889529523189532,0.04573584936293961,0.1657361575078037,0.11965355444842503,0.09675977081512864,-0.004232406469382074,0.08662142927524745,0.41569456066965416,2.740597313906245
152,0.8270101891070678,0.2163055887298299,0.1889529523189532,0.04573584936293961,0.1657361575078037,0.11965355444842503,0.09675977081512864,-0.004232406469382074,0.08662142927524745,0.41569456066965416,2.740597313906245
153,0.8270101891070678,0.2163055887298299,0.1889529523189532,0.04573584936293961,0.1657361575078037,0.11965355444842503,0.09675977081512864,-0.004232406469382074,0.08662142927524745,0.41569456066965416,2.740597313906245
154,0.8270101891070678,0.2163055887298299,0.1889529523189532,0.04573584936293961,0.1657361575078037,0.11965355444842503,0.09675977081512864,-0.004232406469382074,0.08662142927524745,0.41569456066965416,2.740597313906245
155,0.8270101891070678,0.2163055887298299,0.1889529523189532,0.04573584936293961,0.1657361575078037,0.11965355444842503,0.09675977081512864,-0.004232406469382074,0.08662142927524745,0.41569456066965416,2.740597313906245
156,0.8270101891070678,0.2163055887298299,0.1889529523189532,0.04573584936293961,0.1657361575078037,0.11965355444842503,0.09675977081512864,-0.004232406469382074,0.08662142927524745,0.41569456066965416,2.740597313906245
157,0.8270101891070678,0.2163055887298299,0.1889529523189532,0.04573584936293961,0.1657361575078037,0.11965355444842503,0.09675977081512864,-0.004232406469382074,0.08662142927524745,0.41569456066965416,2.740597313906245
158,0.8270101891070678,0.2163055887298299,0.1889529523189532,0.04573584936293961,0.1657361575078037,0.11965355444842503,0.09675977081512864,-0.004232406469382074,0.08662142927524745,0.41569456066965416,2.740597313906245
159,0.8270101891070678,0.2163055887298299,0.1889529523189532,0.04573584936293961,0.1657361575078037,0.11965355444842503,0.09675977081512864,-0.004232406469382074,0.08662142927524745,0.41569456066965416,2.740597313906245
160,0.8270101891070678,0.2163055887298299,0.1889529523189532,0.04573584936293961,0.1657361575078037,0.11965355444842503,0.09675977081512864,-0.004232406469382074,0.08662142927524745,0.41569456066965416,2.740597313906245
161,0.8270101891070678,0.2163055887298299,0.1889529523189532,0.04573584936293961,0.1657361575078037,0.11965355444842503,0.09675977081512864,-0.004232406469382074,0.08662142927524745,0.41569456066965416,2.740597313906245
162,0.8270101891070678,0.2163055887298299,0.1889529523189532,0.04573584936293961,0.1657361575078037,0.11965355444842503,0.09675977081512864,-0.004232406469382074,0.08662142927524745,0.41569456066965416,2.740597313906245
163,0.8270101891070678,0.2163055887298299,0.1889529523189532,0.04573584936293961,0.1657361575078037,0.11965355444842503,0.09675977081512864,-0.004232406469382074,0.08662142927524745,0.41569456066965416,2.740597313906245
164,0.8270101891070678,0.2163055887298299,0.1889529523189532,0.04573584936293961,0.1657361575078037,0.11965355444842503,0.09675977081512864,-0.004232406469382074,0.08662142927524745,0.41569456066965416,2.740597313906245
165,0.8270101891070678,0.2163055887298299,0.1889529523189532,0.04573584936293961,0.1657361575078037,0.11965355444842503,0.09675977081512864,-0.004232406469382074,0.08662142927524745,0.41569456066965416,2.740597313906245
166,0.8270101891070678,0.2163055887298299,0.1889529523189532,0.04573584936293961,0.1657361575078037,0.11965355444842503,0.09675977081512864,-0.004232406469382074,0.08662142927524745,0.41569456066965416,2.740597313906245
167,0.8270101891070678,0.2163055887298299,0.1889529523189532,0.04573584936293961,0.1657361575078037,0.11965355444842503,0.09675977081512864,-0.004232406469382074,0.08662142927524745,0.41569456066965416,2.740597313906245
168,0.8270101891070678,0.2163055887298299,0.1889529523189532,0.04573584936293961,0.1657361575078037,0.11965355444842503,0.09675977081512864,-0.004232406469382074,0.08662142927524745,0.41569456066965416,2.740597313906245
169,0.8270101891070678,0.2163055887298299,0.1889529523189532,0.04573584936293961,0.1657361575078037,0.11965355444842503,0.09675977081512864,-0.004232406469382074,0.08662142927524745,0.41569456066965416,2.740597313906245
170,0.8270101891070678,0.2163055887298299,0.1889529523189532,0.04573584936293961,0.1657361575078037,0.11965355444842503,0.09675977081512864,-0.004232406469382074,0.08662142927524745,0.41569456066965416,2.740597313906245
171,0.8270101891070678,0.2163055887298299,0.1889529523189532,0.04573584936293961,0.1657361575078037,0.11965355444842503,0.09675977081512864,-0.004232406469382074,0.08662142927524745,0.41569456066965416,2.740597313906245
172,0.8270101891070678,0.2163055887298299,0.1889529523189532,0.04573584936293961,0.1657361575078037,0.11965355444842503,0.09675977081512864,-0.004232406469382074,0.08662142927524745,0.41569456066965416,2.740597313906245
173,0.8270101891070678,0.2163055887298299,0.1889529523189532,0.04573584936293961,0.1657361575078037,0.11965355444842503,0.09675977081512864,-0.004232406469382074,0.08662142927524745,0.41569456066965416,2.740597313906245
174,0.8270101891070678,0.2163055887298299,0.1889529523189532,0.04573584936293961,0.1657361575078037,0.11965355444842503,0.09675977081512864,-0.004232406469382074,0.08662142927524745,0.41569456066965416,2.740597313906245
175,0.8270101891070678,0.2163055887298299,0.1889529523189532,0.04573584936293961,0.1657361575078037,0.11965355444842503,0.09675977081512864,-0.004232406469382074,0.08662142927524745,0.41569456066965416,2.740597313906245
176,0.8270101891070678,0.2163055887298299,0.1889529523189532,0.04573584936293961,0.1657361575078037,0.11965355444842503,0.09675977081512864,-0.004232406469382074,0.08662142927524745,0.41569456066965416,2.740597313906245
177,0.8270101891070678,0.2163055887298299,0.1889529523189532,0.04573584936293961,0.1657361575078037,0.11965355444842503,0.09675977081512864,-0.004232406469382074,0.08662142927524745,0.41569456066965416,2.740597313906245
178,0.8270101891070678,0.2163055887298299,0.1889529523189532,0.04573584936293961,0.1657361575078037,0.11965355444842503,0.09675977081512864,-0.004232406469382074,0.08662142927524745,0.41569456066965416,2.740597313906245
179,0.8270101891070678,0.2163055887298299,0.1889529523189532,0.04573584936293961,0.1657361575078037,0.11965355444842503,0.09675977081512864,-0.004232406469382074,0.08662142927524745,0.41569456066965416,2.740597313906245
180,0.8270101891070678,0.2163055887298299,0.1889529523189532,0.04573584936293961,0.1657361575078037,0.11965355444842503,0.09675977081512864,-0.004232406469382074,0.08662142927524745,0.41569456066965416,2.740597313906245
181,0.8270101891070678,0.2163055887298299,0.1889529523189532,0.04573584936293961,0.1657361575078037,0.11965355444842503,0.09675977081512864,-0.004232406469382074,0.08662142927524745,0.41569456066965416,2.740597313906245
182,0.8270101891070678,0.2163055887298299,0.1889529523189532,0.04573584936293961,0.1657361575078037,0.11965355444842503,0.09675977081512864,-0.004232406469382074,0.08662142927524745,0.41569456066965416,2.740597313906245
183,0.8270101891070678,0.2163055887298299,0.1889529523189532,0.04573584936293961,0.1657361575078037,0.11965355444842503,0.09675977081512864,-0.004232406469382074,0.08662142927524745,0.41569456066965416,2.740597313906245
184,0.8270101891070678,0.2163055887298299,0.1889529523189532,0.04573584936293961,0.1657361575078037,0.11965355444842503,0.09675977081512864,-0.004232406469382074,0.08662142927524745,0.41569456066965416,2.740597313906245
185,0.8270101891070678,0.2163055887298299,0.1889529523189532,0.04573584936293961,0.1657361575078037,0.11965355444842503,0.09675977081512864,-0.004232406469382074,0.08662142927524745,0.41569456066965416,2.740597313906245
186,0.8270101891070678,0.2163055887298299,0.1889529523189532,0.04573584936293961,0.1657361575078037,0.11965355444842503,0.09675977081512864,-0.004232406469382074,0.08662142927524745,0.41569456066965416,2.740597313906245
187,0.8270101891070678,0.2163055887298299,0.1889529523189532,0.04573584936293961,0.1657361575078037,0.11965355444842503,0.09675977081512864,-0.004232406469382074,0.08662142927524745,0.41569456066965416,2.740597313906245
188,0.8270101891070678,0.2163055887298299,0.1889529523189532,0.04573584936293961,0.1657361575078037,0.11965355444842503,0.09675977081512864,-0.004232406469382074,0.08662142927524745,0.41569456066965416,2.740597313906245
189,0.8270101891070678,0.2163055887298299,0.1889529523189532,0.04573584936293961,0.1657361575078037,0.11965355444842503,0.09675977081512864,-0.004232406469382074,0.08662142927524745,0.41569456066965416,2.740597313906245
190,0.8270101891070678,0.2163055887298299,0.1889529523189532,0.04573584936293961,0.1657361575078037,0.11965355444842503,0.09675977081512864,-0.004232406469382074,0.08662142927524745,0.41569456066965416,2.740597313906245
191,0.8270101891070678,0.2163055887298299,0.1889529523189532,0.04573584936293961,0.1657361575078037,0.11965355444842503,0.09675977081512864,-0.004232406469382074,0.08662142927524745,0.41569456066965416,2.740597313906245
192,0.8270101891070678,0.2163055887298299,0.1889529523189532,0.04573584936293961,0.1657361575078037,0.11965355444842503,0.09675977081512864,-0.004232406469382074,0.08662142927524745,0.41569456066965416,2.740597313906245
193,0.8270101891070678,0.2163055887298299,0.1889529523189532,0.04573584936293961,0.1657361575078037,0.11965355444842503,0.09675977081512864,-0.004232406469382074,0.08662142927524745,0.41569456066965416,2.740597313906245
194,0.8270101891070678,0.2163055887298299,0.1889529523189532,0.04573584936293961,0.1657361575078037,0.11965355444842503,0.09675977081512864,-0.004232406469382074,0.08662142927524745,0.41569456066965416,2.740597313906245
195,0.8270101891070678,0.2163055887298299,0.1889529523189532,0.04573584936293961,0.1657361575078037,0.11965355444842503,0.09675977081512864,-0.004232406469382074,0.08662142927524745,0.41569456066965416,2.740597313906245
196,0.8270101891070678,0.2163055887298299,0.1889529523189532,0.04573584936293961,0.1657361575078037,0.11965355444842503,0.09675977081512864,-0.004232406469382074,0.08662142927524745,0.41569456066965416,2.740597313906245
197,0.8270101891070678,0.2163055887298299,0.1889529523189532,0.04573584936293961,0.1657361575078037,0.11965355444842503,0.09675977081512864,-0.004232406469382074,0.08662142927524745,0.41569456066965416,2.740597313906245
198,0.8270101891070678,0.2163055887298299,0.1889529523189532,0.04573584936293961,0.1657361575078037,0.11965355444842503,0.09675977081512864,-0.004232406469382074,0.08662142927524745,0.41569456066965416,2.740597313906245
199,0.8270101891070678,0.2163055887298299,0.1889529523189532,0.04573584936293961,0.1657361575078037,0.11965355444842503,0.09675977081512864,-0.004232406469382074,0.08662142927524745,0.41569456066965416,2.740597313906245
200,0.8270101891070678,0.2163055887298299,0.1889529523189532,0.04573584936293961,0.1657361575078037,0.11965355444842503,0.09675977081512864,-0.004232406469382074,0.08662142927524745,0.41569456066965416,2.740597313906245
201,0.8270101891070678,0.2163055887298299,0.1889529523189532,0.04573584936293961,0.1657361575078037,0.11965355444842503,0.09675977081512864,-0.004232406469382074,0.08662142927524745,0.41569456066965416,2.740597313906245
202,0.8270101891070678,0.2163055887298299,0.1889529523189532,0.04573584936293961,0.1657361575078037,0.11965355444842503,0.09675977081512864,-0.004232406469382074,0.08662142927524745,0.41569456066965416,2.740597313906245
203,0.8270101891070678,0.2163055887298299,0.1889529523189532,0.04573584936293961,0.1657361575078037,0.11965355444842503,0.09675977081512864,-0.004232406469382074,0.08662142927524745,0.41569456066965416,2.740597313906245
204,0.8270101891070678,0.2163055887298299,0.1889529523189532,0.04573584936293961,0.1657361575078037,0.11965355444842503,0.09675977081512864,-0.004232406469382074,0.08662142927524745,0.41569456066965416,2.740597313906245
205,0.8270101891070678,0.2163055887298299,0.1889529523189532,0.04573584936293961,0.1657361575078037,0.11965355444842503,0.09675977081512864,-0.004232406469382074,0.08662142927524745,0.41569456066965416,2.740597313906245
206,0.8270101891070678,0.2163055887298299,0.1889529523189532,0.04573584936293961,0.1657361575078037,0.11965355444842503,0.09675977081512864,-0.004232406469382074,0.08662142927524745,0.41569456066965416,2.740597313906245
207,0.8270101891070678,0.2163055887298299,0.1889529523189532,0.04573584936293961,0.1657361575078037,0.11965355444842503,0.09675977081512864,-0.004232406469382074,0.08662142927524745,0.41569456066965416,2.740597313906245
208,0.8270101891070678,0.2163055887298299,0.1889529523189532,0.04573584936293961,0.1657361575078037,0.11965355444842503,0.09675977081512864,-0.004232406469382074,0.08662142927524745,0.41569456066965416,2.740597313906245
209,0.8270101891070678,0.2163055887298299,0.1889529523189532,0.04573584936293961,0.1657361575078037,0.11965355444842503,0.09675977081512864,-0.004232406469382074,0.08662142927524745,0.41569456066965416,2.740597313906245
210,0.8270101891070678,0.2163055887298299,0.1889529523189532,0.04573584936293961,0.1657361575078037,0.11965355444842503,0.09675977081512864,-0.004232406469382074,0.08662142927524745,0.41569456066965416,2.740597313906245
211,0.8270101891070678,0.2163055887298299,0.1889529523189532,0.04573584936293961,0.1657361575078037,0.11965355444842503,0.09675977081512864,-0.004232406469382074,0.08662142927524745,0.41569456066965416,2.740597313906245
212,0.8270101891070678,0.2163055887298299,0.1889529523189532,0.04573584936293961,0.1657361575078037,0.11965355444842503,0.09675977081512864,-0.004232406469382074,0.08662142927524745,0.41569456066965416,2.740597313906245
213,0.8270101891070678,0.2163055887298299,0.1889529523189532,0.04573584936293961,0.1657361575078037,0.11965355444842503,0.09675977081512864,-0.004232406469382074,0.08662142927524745,0.41569456066965416,2.740597313906245
214,0.8270101891070678,0.2163055887298299,0.1889529523189532,0.04573584936293961,0.1657361575078037,0.11965355444842503,0.09675977081512864,-0.004232406469382074,0.08662142927524745,0.41569456066965416,2.740597313906245
215,0.8270101891070678,0.2163055887298299,0.1889529523189532,0.04573584936293961,0.1657361575078037,0.11965355444842503,0.09675977081512864,-0.004232406469382074,0.08662142927524745,0.41569456066965416,2.740597313906245
216,0.8270101891070678,0.2163055887298299,0.1889529523189532,0.04573584936293961,0.1657361575078037,0.11965355444842503,0.09675977081512864,-0.004232406469382074,0.08662142927524745,0.41569456066965416,2.740597313906245
217,0.8270101891070678,0.2163055887298299,0.1889529523189532,0.04573584936293961,0.1657361575078037,0.11965355444842503,0.09675977081512864,-0.004232406469382074,0.08662142927524745,0.41569456066965416,2.740597313906245
218,0.8270101891070678,0.2163055887298299,0.1889529523189532,0.04573584936293961,0.1657361575078037,0.11965355444842503,0.09675977081512864,-0.004232406469382074,0.08662142927524745,0.41569456066965416,2.740597313906245
219,0.8270101891070678,0.2163055887298299,0.1889529523189532,0.04573584936293961,0.1657361575078037,0.11965355444842503,0.09675977081512864,-0.004232406469382074,0.08662142927524745,0.41569456066965416,2.740597313906245
220,0.8270101891070678,0.2163055887298299,0.1889529523189532,0.04573584936293961,0.1657361575078037,0.11965355444842503,0.09675977081512864,-0.004232406469382074,0.08662142927524745,0.41569456066965416,2.740597313906245
221,0.8270101891070678,0.2163055887298299,0.1889529523189532,0.04573584936293961,0.1657361575078037,0.11965355444842503,0.09675977081512864,-0.004232406469382074,0.08662142927524745,0.41569456066965416,2.740597313906245
222,0.8270101891070678,0.2163055887298299,0.1889529523189532,0.04573584936293961,0.1657361575078037,0.11965355444842503,0.09675977081512864,-0.004232406469382074,0.08662142927524745,0.41569456066965416,2.740597313906245
223,0.8270101891070678,0.2163055887298299,0.1889529523189532,0.04573584936293961,0.1657361575078037,0.11965355444842503,0.09675977081512864,-0.004232406469382074,0.08662142927524745,0.41569456066965416,2.740597313906245
224,0.8270101891070678,0.2163055887298299,0.1889529523189532,0.04573584936293961,0.1657361575078037,0.11965355444842503,0.09675977081512864,-0.004232406469382074,0.08662142927524745,0.41569456066965416,2.740597313906245
225,0.8270101891070678,0.2163055887298299,0.1889529523189532,0.04573584936293961,0.1657361575078037,0.11965355444842503,0.09675977081512864,-0.004232406469382074,0.08662142927524745,0.41569456066965416,2.740597313906245
226,0.8270101891070678,0.2163055887298299,0.1889529523189532,0.04573584936293961,0.1657361575078037,0.11965355444842503,0.09675977081512864,-0.004232406469382074,0.08662142927524745,0.41569456066965416,2.740597313906245
227,0.8270101891070678,0.2163055887298299,0.1889529523189532,0.04573584936293961,0.1657361575078037,0.11965355444842503,0.09675977081512864,-0.004232406469382074,0.08662142927524745,0.41569456066965416,2.740597313906245
228,0.8270101891070678,0.2163055887298299,0.1889529523189532,0.04573584936293961,0.1657361575078037,0.11965355444842503,0.09675977081512864,-0.004232406469382074,0.08662142927524745,0.41569456066965416,2.740597313906245
229,0.8270101891070678,0.2163055887298299,0.1889529523189532,0.04573584936293961,0.1657361575078037,0.11965355444842503,0.09675977081512864,-0.004232406469382074,0.08662142927524745,0.41569456066965416,2.740597313906245
230,0.8270101891070678,0.2163055887298299,0.1889529523189532,0.04573584936293961,0.1657361575078037,0.11965355444842503,0.09675977081512864,-0.004232406469382074,0.08662142927524745,0.41569456066965416,2.740597313906245
231,0.8270101891070678,0.2163055887298299,0.1889529523189532,0.04573584936293961,0.1657361575078037,0.11965355444842503,0.09675977081512864,-0.004232406469382074,0.08662142927524745,0.41569456066965416,2.740597313906245
232,0.8270101891070678,0.2163055887298299,0.1889529523189532,0.04573584936293961,0.1657361575078037,0.11965355444842503,0.09675977081512864,-0.004232406469382074,0.08662142927524745,0.41569456066965416,2.740597313906245
233,0.8270101891070678,0.2163055887298299,0.1889529523189532,0.04573584936293961,0.1657361575078037,0.11965355444842503,0.09675977081512864,-0.004232406469382074,0.08662142927524745,0.41569456066965416,2.740597313906245
234,0.8270101891070678,0.2163055887298299,0.1889529523189532,0.04573584936293961,0.1657361575078037,0.11965355444842503,0.09675977081512864,-0.004232406469382074,0.08662142927524745,0.41569456066965416,2.740597313906245
235,0.8270101891070678,0.2163055887298299,0.1889529523189532,0.04573584936293961,0.1657361575078037,0.11965355444842503,0.09675977081512864,-0.004232406469382074,0.08662142927524745,0.41569456066965416,2.740597313906245
236,0.8270101891070678,0.2163055887298299,0.1889529523189532,0.04573584936293961,0.1657361575078037,0.11965355444842503,0.09675977081512864,-0.004232406469382074,0.08662142927524745,0.41569456066965416,2.740597313906245
237,0.8270101891070678,0.2163055887298299,0.1889529523189532,0.04573584936293961,0.1657361575078037,0.11965355444842503,0.09675977081512864,-0.004232406469382074,0.08662142927524745,0.41569456066965416,2.740597313906245
238,0.8270101891070678,0.2163055887298299,0.1889529523189532,0.04573584936293961,0.1657361575078037,0.11965355444842503,0.09675977081512864,-0.004232406469382074,0.08662142927524745,0.41569456066965416,2.740597313906245
239,0.8270101891070644,0.21630558872983152,0.18895295231895237,0.04573584936294227,0.16573615750780124,0.11965355444842361,0.09675977081512763,-0.00423240646937984,0.08662142927524624,0.41569456066965377,2.740597313906245
240,0.8270101891070677,0.21630558872983016,0.18895295231895298,0.045735849362940166,0.1657361575078035,0.11965355444842493,0.09675977081512858,-0.004232406469381687,0.08662142927524745,0.41569456066965427,2.740597313906245
241,0.8270101891070465,0.21630558872983988,0.188952952318948,0.04573584936295609,0.16573615750778847,0.11965355444841626,0.09675977081512234,-0.0042324064693682086,0.08662142927524001,0.4156945606696517,2.740597313906245
242,0.8270101891070671,0.21630558872983144,0.18895295231895187,0.04573584936294305,0.16573615750780235,0.11965355444842443,0.09675977081512828,-0.0042324064693796655,0.08662142927524746,0.41569456066965493,2.740597313906245
243,0.8270101891069351,0.2163055887298917,0.1889529523189208,0.04573584936304179,0.16573615750770912,0.11965355444837059,0.0967597708150895,-0.004232406469296073,0.08662142927520133,0.4156945606696392,2.740597313906245
244,0.8270101891070638,0.2163055887298394,0.18895295231894488,0.04573584936296097,0.16573615750779536,0.1196535544484213,0.09675977081512639,-0.004232406469367129,0.08662142927524759,0.41569456066965915,2.740597313906245
245,0.8270101891070432,0.21630558872988875,0.1889529523189015,0.04573584936307205,0.1657361575077519,0.11965355444840184,0.09675977081511469,-0.004232406469289374,0.0866214292752483,0.41569456066968535,2.740597313906245
246,0.827010189106245,0.2163055887302131,0.1889529523187523,0.04573584936357334,0.16573615750721712,0.11965355444808737,0.09675977081488592,-0.004232406468848696,0.08662142927496151,0.4156945606695615,2.740597313906245
247,0.8270101891070527,0.21630558872988526,0.18895295231890377,0.04573584936306581,0.165736157507758,0.11965355444840539,0.09675977081511726,-0.004232406469294694,0.0866214292752513,0.41569456066968696,2.740597313906245
248,0.8270101891070523,0.21630558872988864,0.18895295231889955,0.04573584936307515,0.1657361575077554,0.11965355444840446,0.09675977081511682,-0.0042324064692884624,0.08662142927525238,0.4156945606696894,2.740597313906245
249,0.827010189106915,0.21630558873019484,0.1889529523186325,0.04573584936376097,0.16573615750748227,0.11965355444828123,0.09675977081504211,-0.004232406468807156,0.08662142927525272,0.4156945606698479,2.740597313906245
250,0.8270101891019649,0.21630558873220637,0.1889529523177072,0.0457358493668699,0.16573615750416576,0.1196535544463309,0.09675977081362327,-0.0042324064660741526,0.0866214292734741,0.41569456066907984,2.740597313906245
251,0.8270101891070539,0.21630558872988467,0.18895295231890408,0.04573584936306484,0.1657361575077589,0.11965355444840592,0.09675977081511765,-0.004232406469295517,0.08662142927525174,0.4156945606696871,2.740597313906245
252,0.8270101891070539,0.21630558872988523,0.18895295231890355,0.04573584936306617,0.1657361575077585,0.11965355444840577,0.09675977081511755,-0.004232406469294611,0.08662142927525184,0.41569456066968746,2.740597313906245
253,0.8270101890754201,0.21630558874456837,0.1889529523112257,0.04573584938731455,0.16573615748524187,0.11965355443543757,0.09675977080579264,-0.004232406448866928,0.08662142926424951,0.4156945606660925,2.740597313906245
254,0.8270101891061199,0.21630558873209327,0.18895295231696413,0.045735849368033495,0.1657361575058103,0.11965355444753321,0.09675977081459203,-0.004232406465816525,0.0866214292752802,0.4156945606708559,2.740597313906245
255,0.827010189107054,0.2163055887298852,0.18895295231890358,0.0457358493630661,0.16573615750775855,0.1196535544484058,0.09675977081511758,-0.004232406469294673,0.08662142927525186,0.4156945606696875,2.740597313906245
256,0.827010189107054,0.21630558872988523,0.18895295231890352,0.045735849363066204,0.16573615750775852,0.1196535544484058,0.09675977081511758,-0.0042324064692946,0.08662142927525188,0.4156945606696875,2.740597313906245
257,0.827010189107054,0.2163055887298852,0.18895295231890358,0.0457358493630661,0.16573615750775855,0.1196535544484058,0.09675977081511758,-0.004232406469294671,0.08662142927525186,0.4156945606696875,2.740597313906245
258,0.827010189107054,0.2163055887298852,0.18895295231890358,0.0457358493630661,0.16573615750775855,0.11965355444840581,0.09675977081511758,-0.0042324064692946745,0.08662142927525188,0.4156945606696875,2.740597313906245
259,0.827010189107054,0.2163055887298852,0.18895295231890358,0.0457358493630661,0.16573615750775855,0.11965355444840581,0.0967597708151176,-0.004232406469294672,0.08662142927525188,0.4156945606696875,2.740597313906245
260,0.827010189107054,0.21630558872988523,0.18895295231890352,0.0457358493630662,0.16573615750775852,0.1196535544484058,0.09675977081511758,-0.004232406469294605,0.08662142927525189,0.4156945606696875,2.740597313906245
261,0.827010189107054,0.21630558872988523,0.18895295231890352,0.04573584936306621,0.16573615750775852,0.1196535544484058,0.09675977081511758,-0.004232406469294599,0.08662142927525189,0.4156945606696875,2.740597313906245
262,0.827010189107054,0.21630558872988523,0.18895295231890352,0.0457358493630662,0.16573615750775852,0.1196535544484058,0.09675977081511758,-0.004232406469294606,0.08662142927525189,0.4156945606696875,2.740597313906245
263,0.827010189107054,0.21630558872988523,0.18895295231890352,0.0457358493630662,0.16573615750775852,0.1196535544484058,0.09675977081511758,-0.004232406469294605,0.08662142927525189,0.4156945606696875,2.740597313906245
264,0.827010189107054,0.21630558872988523,0.18895295231890352,0.04573584936306621,0.16573615750775852,0.1196535544484058,0.09675977081511758,-0.0042324064692946,0.08662142927525189,0.4156945606696875,2.740597313906245
265,0.827010189107054,0.21630558872988523,0.18895295231890352,0.04573584936306621,0.16573615750775852,0.1196535544484058,0.09675977081511758,-0.004232406469294599,0.08662142927525189,0.4156945606696875,2.740597313906245
266,0.827010189107054,0.21630558872988523,0.18895295231890352,0.0457358493630662,0.16573615750775852,0.1196535544484058,0.09675977081511758,-0.004232406469294607,0.08662142927525189,0.4156945606696875,2.740597313906245
267,0.827010189107054,0.21630558872988523,0.18895295231890352,0.0457358493630662,0.16573615750775852,0.1196535544484058,0.09675977081511758,-0.004232406469294606,0.08662142927525189,0.4156945606696875,2.740597313906245
268,0.827010189107054,0.21630558872988523,0.18895295231890352,0.0457358493630662,0.16573615750775852,0.1196535544484058,0.09675977081511758,-0.004232406469294607,0.08662142927525189,0.4156945606696875,2.740597313906245
269,0.827010189107054,0.21630558872988523,0.18895295231890352,0.0457358493630662,0.16573615750775852,0.1196535544484058,0.09675977081511758,-0.004232406469294607,0.08662142927525189,0.4156945606696875,2.740597313906245
270,0.827010189107054,0.21630558872988523,0.18895295231890352,0.0457358493630662,0.16573615750775852,0.1196535544484058,0.09675977081511758,-0.004232406469294607,0.08662142927525189,0.4156945606696875,2.740597313906245
271,0.827010189107054,0.21630558872988523,0.18895295231890352,0.0457358493630662,0.16573615750775852,0.1196535544484058,0.09675977081511758,-0.004232406469294607,0.08662142927525189,0.4156945606696875,2.740597313906245
272,0.827010189107054,0.21630558872988523,0.18895295231890352,0.0457358493630662,0.16573615750775852,0.1196535544484058,0.09675977081511758,-0.004232406469294607,0.08662142927525189,0.4156945606696875,2.740597313906245
273,0.827010189107054,0.21630558872988523,0.18895295231890352,0.0457358493630662,0.16573615750775852,0.1196535544484058,0.09675977081511758,-0.004232406469294607,0.08662142927525189,0.4156945606696875,2.740597313906245
274,0.827010189107054,0.21630558872988523,0.18895295231890352,0.0457358493630662,0.16573615750775852,0.1196535544484058,0.09675977081511758,-0.004232406469294607,0.08662142927525189,0.4156945606696875,2.740597313906245
275,0.827010189107054,0.21630558872988523,0.18895295231890352,0.0457358493630662,0.16573615750775852,0.1196535544484058,0.09675977081511758,-0.004232406469294607,0.08662142927525189,0.4156945606696875,2.740597313906245
276,0.827010189107054,0.21630558872988523,0.18895295231890352,0.0457358493630662,0.16573615750775852,0.1196535544484058,0.09675977081511758,-0.004232406469294607,0.08662142927525189,0.4156945606696875,2.740597313906245
277,0.827010189107054,0.21630558872988523,0.18895295231890352,0.0457358493630662,0.16573615750775852,0.1196535544484058,0.09675977081511758,-0.004232406469294607,0.08662142927525189,0.4156945606696875,2.740597313906245
278,0.827010189107054,0.21630558872988523,0.18895295231890352,0.0457358493630662,0.16573615750775852,0.1196535544484058,0.09675977081511758,-0.004232406469294607,0.08662142927525189,0.4156945606696875,2.740597313906245
279,0.827010189107054,0.21630558872988523,0.18895295231890352,0.0457358493630662,0.16573615750775852,0.1196535544484058,0.09675977081511758,-0.004232406469294607,0.08662142927525189,0.4156945606696875,2.740597313906245
280,0.827010189107054,0.21630558872988523,0.18895295231890352,0.0457358493630662,0.16573615750775852,0.1196535544484058,0.09675977081511758,-0.004232406469294607,0.08662142927525189,0.4156945606696875,2.740597313906245
281,0.827010189107054,0.21630558872988523,0.18895295231890352,0.0457358493630662,0.16573615750775852,0.1196535544484058,0.09675977081511758,-0.004232406469294607,0.08662142927525189,0.4156945606696875,2.740597313906245
282,0.827010189107054,0.21630558872988523,0.18895295231890352,0.0457358493630662,0.16573615750775852,0.1196535544484058,0.09675977081511758,-0.004232406469294607,0.08662142927525189,0.4156945606696875,2.740597313906245
283,0.827010189107054,0.21630558872988523,0.18895295231890352,0.0457358493630662,0.16573615750775852,0.1196535544484058,0.09675977081511758,-0.004232406469294607,0.08662142927525189,0.4156945606696875,2.740597313906245
284,0.827010189107054,0.21630558872988523,0.18895295231890352,0.0457358493630662,0.16573615750775852,0.1196535544484058,0.09675977081511758,-0.004232406469294607,0.08662142927525189,0.4156945606696875,2.740597313906245
285,0.8270101889107943,0.21630558882123524,0.1889529522710285,0.045735849514108605,0.16573615736787922,0.1196535543678791,0.09675977075722839,-0.004232406342150808,0.08662142920704023,0.4156945606475656,2.740597313906245
286,0.8270101891011892,0.2163055887438668,0.18895295230661735,0.04573584939453097,0.16573615749544088,0.11965355444289413,0.09675977081180061,-0.004232406447269169,0.08662142927545058,0.4156945606771074,2.740597313906245
287,0.8270101891064844,0.2163055887319589,0.1889529523170519,0.04573584936779358,0.16573615750604517,0.1196535544476699,0.09675977081469093,-0.004232406466021125,0.08662142927539532,0.41569456067091604,2.740597313906245
288,0.8270101891064706,0.2163055887320888,0.18895295231689002,0.04573584936815257,0.16573615750594528,0.1196535544476339,0.09675977081467378,-0.004232406465781472,0.08662142927543731,0.41569456067101074,2.740597313906245
289,0.827010187889814,0.2163055892967094,0.18895295202173285,0.04573585030046258,0.1657361566400172,0.11965355394889363,0.09675977045604164,-0.0042324056803165755,0.0866214288522385,0.415694560532665,2.740597313906245
290,0.8270101890706096,0.21630558881688422,0.1889529522424484,0.04573584955886358,0.16573615743113168,0.11965355441412344,0.09675977079448872,-0.004232406332241794,0.08662142927650728,0.4156945607158779,2.740597313906245
291,0.8270101891065024,0.21630558873207723,0.18895295231689765,0.045735849368131826,0.16573615750596565,0.11965355444764576,0.09675977081468237,-0.0042324064657991815,0.08662142927544732,0.415694560671016,2.740597313906245
292,0.8270101891065011,0.2163055887320884,0.18895295231688347,0.04573584936816306,0.16573615750595705,0.11965355444764268,0.09675977081468091,-0.0042324064657783544,0.08662142927545105,0.4156945606710242,2.740597313906245
293,0.8270101815578778,0.21630559224551485,0.18895295047564573,0.045735855177288884,0.1657361521259474,0.11965355135042088,0.09675976858813547,-0.0042324015757393895,0.0866214266518218,0.415694559820072,2.740597313906245
294,0.8270101888809607,0.2163055892697252,0.18895295184448416,0.04573585057802492,0.1657361570322976,0.11965355423569274,0.09675977068712353,-0.004232405618862649,0.08662142928306073,0.4156945609563258,2.740597313906245
295,0.8270101422883407,0.21630561053347566,0.18895294088708997,0.04573588542248996,0.1657361241304958,0.11965353523515865,0.09675975700371613,-0.004232376119888429,0.08662141300523199,0.41569455540069566,2.740597313906245
296,0.8270101877047918,0.2163055920781638,0.1889529493763813,0.0457358568986808,0.16573615455880017,0.11965355312909746,0.0967597700212639,-0.004232401194613118,0.08662142932370398,0.4156945624475404,2.740597313906245
297,0.8270098987455657,0.21630572395206635,0.18895288142055316,0.045736072997767906,0.16573595050771225,0.11965343529117939,0.09675968515921322,-0.004232218247286058,0.0866213283715215,0.4156945279924289,2.740597313906245
298,0.8270101804104018,0.21630560949559588,0.18895293406964836,0.04573589609825655,0.16573613921861208,0.11965354626619189,0.09675976589172171,-0.004232373756209981,0.08662142957576657,0.41569457169578516,2.740597313906245
299,0.8270083883311741,0.21630642735143824,0.1889525126184553,0.04573723630468853,0.16573487372980544,0.1196528154560278,0.096759239592029,-0.004231239150463753,0.08662080348811438,0.4156943580078995,2.740597313906245
300,0.8270101351718306,0.21630571751537733,0.18895283913997635,0.04573613920706006,0.1657360440814942,0.1196535037036721,0.09675974028103544,-0.00423220358811174,0.08662143113902675,0.4156946290517182,2.740597313906245
301,0.8269990207894948,0.21631078961649886,0.18895022532387223,0.04574445087525121,0.16572819572535524,0.11964897132962636,0.09675647624642765,-0.004225166996049647,0.08661754824323452,0.41569330366452384,2.740597313906245
302,0.8270098546075402,0.21630638743437305,0.18895225040086966,0.045737646926792094,0.1657354540572699,0.11965323973816136,0.09675958144790803,-0.004231148234411147,0.08662144083459426,0.41569498476206956,2.740597313906245
303,0.8269409164165356,0.21633784007532775,0.1889360380052331,0.045789192412649705,0.16568677913171553,0.11962512997925366,0.09673933778638284,-0.004187509678550013,0.0865973593317279,0.4156867598227068,2.740597313906245
304,0.827008114490952,0.21631054213977627,0.1889485990577423,0.0457469976318019,0.16573179479885985,0.11965160265612146,0.09675859638391969,-0.0042246030554973545,0.08662150098431767,0.4156971907808924,2.740597313906245
305,0.8265802342901345,0.21650546638687027,0.1888479766508768,0.046066596812878995,0.16542988987265816,0.11947724071447217,0.09663302176930287,-0.003954007990574784,0.08647213342185793,0.41564598395942853,2.740597313906245
306,0.8269973184769985,0.21633630841394538,0.188925950667233,0.04580499278383615,0.16570909942668022,0.1196414491788595,0.09675248683135503,-0.004184008546625816,0.08662187477425771,0.4157108708454703,2.740597313906245
307,0.8243306861578802,0.21753979890293074,0.18829898483967122,0.04778410231736692,0.163835541119156,0.11855893621996344,0.09597266321316736,-0.002507526664551038,0.08569482746719526,0.4153856919412261,2.740597313906245
308,0.82693020484692,0.21649608833565165,0.18878535798405022,0.04616481282003441,0.16556829649597224,0.11957845651494141,0.09671458254338444,-0.003932153169291166,0.08662422190423283,0.41579566329982665,2.740597313906245
309,0.8265078490773428,0.21748631200458343,0.18790835719446247,0.048401912371331623,0.16469312752593088,0.1191869174536315,0.09647897084208978,-0.0023665171133590355,0.08663989729996657,0.4163196366040648,2.740597313906245
310,0.8098928623035989,0.2237444492092206,0.1847848630397559,0.05831482419582961,0.15390855282143584,0.11282364958664699,0.09184058999782814,0.006392523319240027,0.0808508100838874,0.41348241718687306,2.740597313906245
311,0.8267060376312064,0.21757246286580217,0.18798401492300618,0.04828604136678823,0.16456630585726018,0.11924311230476156,0.09652304409526556,-0.0024800240230719193,0.08661167057872728,0.4163636080152214,2.740597313906245
312,0.826699728123317,0.21741628084060025,0.18795440235363733,0.04827658680723781,0.16481629115398136,0.11925863573897989,0.09653088701927888,-0.002473504497866037,0.08670034534535015,0.4163516731661403,2.740597313906245
313,0.8266631967838546,0.21757374884502745,0.18797879832231268,0.04834094578241345,0.16471942494428224,0.11929936066884844,0.09654350282651165,-0.0024308558703277157,0.08663754555875001,0.41638534825387374,2.740597313906245
314,0.8266916767729733,0.21748418985913426,0.18786922689673852,0.0484649392482314,0.1647637306221381,0.11923964366423348,0.09652180499613301,-0.002347740100605859,0.08672233723156507,0.416400952834541,2.740597313906245
315,0.8236465643922083,0.2235968709022951,0.1822707091454328,0.06249029518542152,0.15919120222216415,0.1167252536327372,0.09499714314208639,0.007484637378090539,0.08678144724532395,0.4194926353467185,2.740597313906245
316,0.70229968944067,0.25229376718162966,0.1589787786853118,0.1167132462624674,0.09239632994509145,0.07654568722219965,0.06537706040714945,0.057074904584658644,0.0506571864501392,0.3898103980460928,2.740597313906245
317,0.795009509437376,0.25930031985006163,0.13877656541570338,0.15805937344095677,0.1223060458314174,0.10021411991722505,0.08503502989333835,0.07391582995022582,0.08970357304978453,0.4352096383984051,2.740597313906245
318,0.0,0.0,0.0,0.0,0.0,0.0,0.0,0.0,0.0,0.0,2.740597313906245
319,0.8050219038558616,0.2568884240730427,0.14081161827642172,0.1533853479429742,0.1278506083314514,0.1035348320350839,0.08747744817607513,0.06969756160104197,0.09263552503959283,0.4376134419471748,2.740597313906245
320,0.8030806162949605,0.2595368942548573,0.13643298485287167,0.1620271688967618,0.1251614108283059,0.10246722518755129,0.08690298431184534,0.07551410197171218,0.09356231651675435,0.43907596143501215,2.740597313906245
321,0.24378680275411313,0.1911737041502446,0.15742223178176498,0.1338887169243879,0.1165249704569831,0.5921118148604934,-0.29854421583536633,0.0992659102773133,-0.23096709527725678,-0.3420958660848969,2.740597313906245
322,0.24378680275411313,0.1911737041502446,0.15742223178176498,0.1338887169243879,0.1165249704569831,-0.4369314201240503,-0.10398841302333145,-0.11683401917583669,0.37623702620108435,-0.5128615874545179,2.740597313906245
323,0.24378680275411313,0.1911737041502446,0.15742223178176498,-0.4117986648393171,-0.04288955090029654,0.47375328448477677,0.2198822500345431,0.14582201843753356,-0.3003675779178978,-0.3094602295876999,2.740597313906245
324,0.24378680275411313,0.1911737041502446,-0.3916971669745555,0.002451586421475671,0.5121403112415897,0.22686506357761785,0.14878056064671344,0.11118870746755193,0.08892389986414061,0.40822296338770364,2.740597313906245
325,0.24378680275411313,0.1911737041502446,-0.3916971669745555,0.002451586421475671,0.0024450579777885234,-0.5086806348097525,0.23181201639573884,-0.3593739556453077,-0.19086890691721564,-0.21149025996744197,2.740597313906245
326,0.24378680275411313,-0.3617216556126843,0.06488257541085239,0.060554788622713664,0.5554646879981936,-0.30299226844799226,0.08739306359470636,0.07309518388055869,-0.3812212070685745,0.12414898115397349,2.740597313906245
327,0.24378680275411313,-0.3617216556126843,0.06488257541085239,0.060554788622713664,0.05677076191762367,-0.4746253695866498,-0.20548874264975425,0.28409059088451294,-0.422547553643686,-0.2099921020525739,2.740597313906245
328,0.24378680275411313,-0.3617216556126843,-0.46630974463744357,0.35676484098803507,0.19295442339950403,0.1337194670912055,0.102641795804616,0.08340526450843551,-0.3813688110688958,0.13846593636414808,2.740597313906245
329,-0.31263391217822434,0.1557679719881816,0.13269457186073513,0.6019011085930492,0.2405082752334801,-0.35757139833319607,-0.10713839711651242,-0.13542800564975407,-0.17584580257445662,0.15453309630349213,2.740597313906245
330,-0.31263391217822434,0.1557679719881816,0.13269457186073513,0.11562190324749361,0.10246986781186268,0.092022385340547,-0.45230072069406546,0.3906090418528893,0.42368677829846274,-0.25220946756257046,2.740597313906245
331,-0.31263391217822434,0.1557679719881816,0.13269457186073513,0.11562190324749361,-0.437494403184467,-0.10541650667162919,-0.11863140336125871,-0.5678713209862192,0.272173852981262,-0.07807569633714781,2.740597313906245
332,-0.31263391217822434,0.1557679719881816,-0.41279987243622185,0.47354203463944117,0.21984162828919468,0.14580459899732814,0.10953734241497451,0.08787166900892486,-0.38130507218088316,0.14445553203561898,2.740597313906245
333,-0.31263391217822434,0.1557679719881816,-0.41279987243622185,-0.04522704051594898,-0.047543410997842615,-0.05010822163723543,-0.5391696319464485,-0.37728636528294207,0.16350236658556996,-0.11495036873728473,2.740597313906245
334,-0.31263391217822434,-0.39313256427360116,-0.0006887830544429007,-0.0006892998083423187,-0.0006898173381493807,-0.0006903356456128579,0.5096206108752057,0.22643004718940754,-0.3604850102710667,0.2810539172187297,2.740597313906245
335,-0.31263391217822434,-0.39313256427360116,-0.510595897241813,0.22502713984533143,0.14800871060371174,0.1107621386050931,0.08865273044048567,0.07397028579937096,0.32298960876014493,-0.23822882153049663,2.740597313906245
336,0.8270101891070678,0.2163055887298299,0.1889529523189532,0.04573584936293961,0.1657361575078037,0.11965355444842503,0.09675977081512864,-0.004232406469382076,0.08662142927524745,0.41569456066965416,2.740597313906245
337,0.8270101891070678,0.2163055887298299,0.1889529523189532,0.04573584936293961,0.1657361575078037,0.11965355444842503,0.09675977081512864,-0.004232406469382076,0.08662142927524745,0.41569456066965416,2.740597313906245
338,0.8270101891070678,0.2163055887298299,0.1889529523189532,0.04573584936293961,0.1657361575078037,0.11965355444842503,0.09675977081512864,-0.004232406469382076,0.08662142927524745,0.41569456066965416,2.740597313906245
339,0.8270101891070678,0.2163055887298299,0.1889529523189532,0.04573584936293961,0.1657361575078037,0.11965355444842503,0.09675977081512864,-0.004232406469382076,0.08662142927524745,0.41569456066965416,2.740597313906245
340,0.8270101891070678,0.2163055887298299,0.1889529523189532,0.04573584936293961,0.1657361575078037,0.11965355444842503,0.09675977081512864,-0.004232406469382076,0.08662142927524745,0.41569456066965416,2.740597313906245
341,0.8270101891070678,0.2163055887298299,0.1889529523189532,0.04573584936293961,0.1657361575078037,0.11965355444842503,0.09675977081512864,-0.004232406469382076,0.08662142927524745,0.41569456066965416,2.740597313906245
342,0.8270101891070678,0.2163055887298299,0.1889529523189532,0.04573584936293961,0.1657361575078037,0.11965355444842503,0.09675977081512864,-0.004232406469382076,0.08662142927524745,0.41569456066965416,2.740597313906245
343,0.8270101891070678,0.2163055887298299,0.1889529523189532,0.04573584936293961,0.1657361575078037,0.11965355444842503,0.09675977081512864,-0.004232406469382076,0.08662142927524745,0.41569456066965416,2.740597313906245
