,0,1,2,3,4,tau
0,0.9075357429869507,0.19478485489906888,0.17560327228111716,0.2195855918771679,0.24368708235601988,2.740597313906245
1,0.9075357429869507,0.19478485489906888,0.17560327228111716,0.2195855918771679,0.24368708235601988,2.740597313906245
2,0.9075357429869507,0.19478485489906888,0.17560327228111716,0.2195855918771679,0.24368708235601988,2.740597313906245
3,0.9075357429869507,0.19478485489906888,0.17560327228111716,0.2195855918771679,0.24368708235601988,2.740597313906245
4,0.9075357429869507,0.19478485489906888,0.17560327228111716,0.2195855918771679,0.24368708235601988,2.740597313906245
5,0.9075357429869507,0.19478485489906888,0.17560327228111716,0.2195855918771679,0.24368708235601988,2.740597313906245
6,0.9075357429869507,0.19478485489906888,0.17560327228111716,0.2195855918771679,0.24368708235601988,2.740597313906245
7,0.9075357429869507,0.19478485489906888,0.17560327228111716,0.2195855918771679,0.24368708235601988,2.740597313906245
8,0.9075357429869507,0.19478485489906888,0.17560327228111716,0.2195855918771679,0.24368708235601988,2.740597313906245
9,0.9075357429869507,0.19478485489906888,0.17560327228111716,0.2195855918771679,0.24368708235601988,2.740597313906245
10,0.9075357429869507,0.19478485489906888,0.17560327228111716,0.21958559187716786,0.2436870823560199,2.740597313906245
11,0.9075357429869507,0.19478485489906888,0.17560327228111716,0.2195855918771679,0.24368708235601988,2.740597313906245
12,0.9075357429869507,0.19478485489906888,0.17560327228111716,0.2195855918771679,0.24368708235601988,2.740597313906245
13,0.9075357429869507,0.19478485489906888,0.17560327228111716,0.2195855918771679,0.24368708235601988,2.740597313906245
14,0.9075357429869507,0.19478485489906888,0.17560327228111716,0.2195855918771679,0.24368708235601988,2.740597313906245
15,0.9075357429869507,0.19478485489906888,0.17560327228111716,0.2195855918771679,0.24368708235601988,2.740597313906245
16,0.9075357429869507,0.19478485489906888,0.17560327228111716,0.2195855918771679,0.24368708235601988,2.740597313906245
17,0.9075357429869507,0.19478485489906888,0.17560327228111716,0.2195855918771679,0.24368708235601988,2.740597313906245
18,0.9075357429869507,0.19478485489906888,0.17560327228111716,0.2195855918771679,0.24368708235601988,2.740597313906245
19,0.9075357429869507,0.19478485489906888,0.17560327228111716,0.2195855918771679,0.24368708235601988,2.740597313906245
20,0.9075357429869507,0.19478485489906888,0.17560327228111716,0.2195855918771679,0.24368708235601988,2.740597313906245
21,0.9075357429869507,0.19478485489906888,0.17560327228111713,0.2195855918771678,0.2436870823560199,2.740597313906245
22,0.9075357429869507,0.19478485489906888,0.17560327228111716,0.2195855918771679,0.2436870823560199,2.740597313906245
23,0.9075357429869507,0.19478485489906888,0.17560327228111716,0.2195855918771679,0.24368708235601988,2.740597313906245
24,0.9075357429869507,0.19478485489906888,0.17560327228111716,0.2195855918771679,0.24368708235601988,2.740597313906245
25,0.9075357429869507,0.19478485489906888,0.17560327228111716,0.2195855918771679,0.24368708235601988,2.740597313906245
26,0.9075357429869507,0.19478485489906888,0.17560327228111716,0.2195855918771679,0.24368708235601988,2.740597313906245
27,0.9075357429869507,0.19478485489906888,0.17560327228111716,0.2195855918771679,0.24368708235601988,2.740597313906245
28,0.9075357429869507,0.19478485489906888,0.17560327228111716,0.2195855918771679,0.24368708235601988,2.740597313906245
29,0.9075357429869507,0.19478485489906888,0.17560327228111716,0.2195855918771679,0.24368708235601988,2.740597313906245
30,0.9075357429869507,0.19478485489906888,0.17560327228111716,0.2195855918771679,0.24368708235601988,2.740597313906245
31,0.9075357429869507,0.19478485489906888,0.17560327228111716,0.2195855918771679,0.24368708235601988,2.740597313906245
32,0.9075357429869507,0.19478485489906888,0.17560327228111716,0.2195855918771679,0.24368708235601988,2.740597313906245
33,0.9075357429869507,0.19478485489906888,0.17560327228111716,0.2195855918771679,0.24368708235601988,2.740597313906245
34,0.9075357429869507,0.19478485489906888,0.17560327228111716,0.2195855918771679,0.24368708235601988,2.740597313906245
35,0.9075357429869507,0.19478485489906888,0.17560327228111716,0.2195855918771679,0.24368708235601988,2.740597313906245
36,0.9075357429869507,0.19478485489906888,0.17560327228111716,0.2195855918771679,0.24368708235601988,2.740597313906245
37,0.9075357429869507,0.19478485489906888,0.17560327228111716,0.2195855918771679,0.24368708235601988,2.740597313906245
38,0.9075357429869507,0.19478485489906888,0.17560327228111716,0.2195855918771679,0.24368708235601988,2.740597313906245
39,0.9075357429869507,0.19478485489906888,0.17560327228111716,0.2195855918771679,0.24368708235601988,2.740597313906245
40,0.9075357429869507,0.19478485489906888,0.17560327228111716,0.2195855918771679,0.24368708235601988,2.740597313906245
41,0.9075357429869507,0.19478485489906888,0.17560327228111716,0.2195855918771679,0.24368708235601988,2.740597313906245
42,0.9075357429869507,0.19478485489906888,0.17560327228111716,0.2195855918771679,0.24368708235601988,2.740597313906245
43,0.9075357429869507,0.19478485489906888,0.17560327228111716,0.2195855918771679,0.24368708235601988,2.740597313906245
44,0.9075357429869507,0.19478485489906888,0.17560327228111716,0.2195855918771679,0.24368708235601988,2.740597313906245
45,0.9075357429869507,0.19478485489906888,0.17560327228111716,0.2195855918771679,0.24368708235601988,2.740597313906245
46,0.9075357429869507,0.19478485489906888,0.17560327228111716,0.2195855918771679,0.24368708235601988,2.740597313906245
47,0.9075357429869507,0.19478485489906888,0.17560327228111716,0.2195855918771679,0.24368708235601988,2.740597313906245
48,0.9075357429869507,0.19478485489906888,0.17560327228111716,0.2195855918771679,0.24368708235601988,2.740597313906245
49,0.9075357429869507,0.19478485489906888,0.17560327228111716,0.2195855918771679,0.24368708235601988,2.740597313906245
50,0.9075357429869507,0.19478485489906888,0.17560327228111716,0.2195855918771679,0.24368708235601988,2.740597313906245
51,0.9075357429869507,0.19478485489906888,0.17560327228111716,0.2195855918771679,0.24368708235601988,2.740597313906245
52,0.9075357429869507,0.19478485489906888,0.17560327228111716,0.2195855918771679,0.24368708235601988,2.740597313906245
53,0.9075357429869507,0.19478485489906888,0.17560327228111716,0.2195855918771679,0.24368708235601988,2.740597313906245
54,0.9075357429869507,0.19478485489906888,0.17560327228111716,0.2195855918771679,0.24368708235601988,2.740597313906245
55,0.9075357429869507,0.19478485489906888,0.17560327228111716,0.2195855918771679,0.24368708235601988,2.740597313906245
56,0.9075357429869507,0.19478485489906888,0.17560327228111716,0.2195855918771679,0.24368708235601988,2.740597313906245
57,0.9075357429869507,0.19478485489906888,0.17560327228111716,0.2195855918771679,0.24368708235601988,2.740597313906245
58,0.9075357429869507,0.19478485489906888,0.17560327228111716,0.2195855918771679,0.24368708235601988,2.740597313906245
59,0.9075357429869507,0.19478485489906888,0.17560327228111716,0.2195855918771679,0.24368708235601988,2.740597313906245
60,0.9075357429869507,0.19478485489906888,0.17560327228111716,0.2195855918771679,0.24368708235601988,2.740597313906245
61,0.9075357429869507,0.19478485489906888,0.17560327228111716,0.2195855918771679,0.24368708235601988,2.740597313906245
62,0.9075357429869507,0.19478485489906888,0.17560327228111716,0.2195855918771679,0.24368708235601988,2.740597313906245
63,0.9075357429869507,0.19478485489906888,0.17560327228111716,0.2195855918771679,0.24368708235601988,2.740597313906245
64,0.9075357429869507,0.19478485489906888,0.17560327228111716,0.2195855918771679,0.24368708235601988,2.740597313906245
65,0.9075357429869507,0.19478485489906888,0.17560327228111716,0.2195855918771679,0.24368708235601988,2.740597313906245
66,0.9075357429869507,0.19478485489906888,0.17560327228111716,0.2195855918771679,0.24368708235601988,2.740597313906245
67,0.9075357429869507,0.19478485489906888,0.17560327228111716,0.2195855918771679,0.24368708235601988,2.740597313906245
68,0.9075357429869507,0.19478485489906888,0.17560327228111716,0.2195855918771679,0.24368708235601988,2.740597313906245
69,0.9075357429869507,0.19478485489906888,0.17560327228111716,0.2195855918771679,0.24368708235601988,2.740597313906245
70,0.9075357429869507,0.19478485489906888,0.17560327228111716,0.2195855918771679,0.24368708235601988,2.740597313906245
71,0.9075357429869507,0.19478485489906888,0.17560327228111716,0.2195855918771679,0.24368708235601988,2.740597313906245
72,0.9075357429869507,0.19478485489906888,0.17560327228111716,0.2195855918771679,0.24368708235601988,2.740597313906245
73,0.9075357429869507,0.19478485489906888,0.17560327228111716,0.2195855918771679,0.24368708235601988,2.740597313906245
74,0.9075357429869507,0.19478485489906888,0.17560327228111716,0.2195855918771679,0.24368708235601988,2.740597313906245
75,0.9075357429869507,0.19478485489906888,0.17560327228111716,0.2195855918771679,0.24368708235601988,2.740597313906245
76,0.9075357429869507,0.19478485489906888,0.17560327228111716,0.2195855918771679,0.24368708235601988,2.740597313906245
77,0.9075357429869507,0.19478485489906888,0.17560327228111716,0.2195855918771679,0.24368708235601988,2.740597313906245
78,0.9075357429869507,0.19478485489906888,0.17560327228111716,0.2195855918771679,0.24368708235601988,2.740597313906245
79,0.9075357429869507,0.19478485489906888,0.17560327228111716,0.2195855918771679,0.24368708235601988,2.740597313906245
80,0.9075357429869507,0.19478485489906888,0.17560327228111716,0.2195855918771679,0.24368708235601988,2.740597313906245
81,0.9075357429869507,0.19478485489906888,0.17560327228111716,0.2195855918771679,0.24368708235601988,2.740597313906245
82,0.9075357429869507,0.19478485489906888,0.17560327228111716,0.2195855918771679,0.24368708235601988,2.740597313906245
83,0.9075357429869507,0.19478485489906888,0.17560327228111716,0.2195855918771679,0.24368708235601988,2.740597313906245
84,0.9075357429869507,0.19478485489906888,0.17560327228111716,0.2195855918771679,0.24368708235601988,2.740597313906245
85,0.9075357429869507,0.19478485489906888,0.17560327228111716,0.2195855918771679,0.24368708235601988,2.740597313906245
86,0.9075357429869507,0.19478485489906888,0.17560327228111716,0.2195855918771679,0.24368708235601988,2.740597313906245
87,0.9075357429869507,0.19478485489906888,0.17560327228111716,0.2195855918771679,0.24368708235601988,2.740597313906245
88,0.9075357429869507,0.19478485489906888,0.17560327228111716,0.2195855918771679,0.24368708235601988,2.740597313906245
89,0.9075357429869507,0.19478485489906888,0.17560327228111716,0.2195855918771679,0.24368708235601988,2.740597313906245
90,0.9075357429869507,0.19478485489906888,0.17560327228111716,0.2195855918771679,0.24368708235601988,2.740597313906245
91,0.9075357429869507,0.19478485489906888,0.17560327228111716,0.2195855918771679,0.24368708235601988,2.740597313906245
92,0.9075357429869507,0.19478485489906888,0.17560327228111716,0.2195855918771679,0.24368708235601988,2.740597313906245
93,0.9075357429869507,0.19478485489906888,0.17560327228111716,0.2195855918771679,0.24368708235601988,2.740597313906245
94,0.9075357429869507,0.19478485489906888,0.17560327228111716,0.2195855918771679,0.24368708235601988,2.740597313906245
95,0.9075357429869507,0.19478485489906888,0.17560327228111716,0.2195855918771679,0.24368708235601988,2.740597313906245
96,0.9075357429869507,0.19478485489906888,0.17560327228111716,0.2195855918771679,0.24368708235601988,2.740597313906245
97,0.9075357429869507,0.19478485489906888,0.17560327228111716,0.2195855918771679,0.24368708235601988,2.740597313906245
98,0.9075357429869507,0.19478485489906888,0.17560327228111716,0.2195855918771679,0.24368708235601988,2.740597313906245
99,0.9075357429869507,0.19478485489906888,0.17560327228111716,0.2195855918771679,0.24368708235601988,2.740597313906245
100,0.9075357429869507,0.19478485489906888,0.17560327228111716,0.2195855918771679,0.24368708235601988,2.740597313906245
101,0.9075357429869507,0.19478485489906888,0.17560327228111716,0.2195855918771679,0.24368708235601988,2.740597313906245
102,0.9075357429869507,0.19478485489906888,0.17560327228111716,0.2195855918771679,0.24368708235601988,2.740597313906245
103,0.9075357429869507,0.19478485489906888,0.17560327228111716,0.2195855918771679,0.24368708235601988,2.740597313906245
104,0.9075357429869507,0.19478485489906888,0.17560327228111716,0.2195855918771679,0.24368708235601988,2.740597313906245
105,0.9075357429869507,0.19478485489906888,0.17560327228111716,0.2195855918771679,0.24368708235601988,2.740597313906245
106,0.9075357429869507,0.19478485489906888,0.17560327228111716,0.2195855918771679,0.24368708235601988,2.740597313906245
107,0.9075357429869507,0.19478485489906888,0.17560327228111716,0.2195855918771679,0.24368708235601988,2.740597313906245
108,0.9075357429869507,0.19478485489906888,0.17560327228111716,0.2195855918771679,0.24368708235601988,2.740597313906245
109,0.9075357429869507,0.19478485489906888,0.17560327228111716,0.2195855918771679,0.24368708235601988,2.740597313906245
110,0.9075357429869507,0.19478485489906888,0.17560327228111716,0.2195855918771679,0.24368708235601988,2.740597313906245
111,0.9075357429869507,0.19478485489906888,0.17560327228111716,0.2195855918771679,0.24368708235601988,2.740597313906245
112,0.9075357429869507,0.19478485489906888,0.17560327228111716,0.2195855918771679,0.24368708235601988,2.740597313906245
113,0.9075357429869505,0.19478485489906883,0.17560327228111694,0.2195855918771674,0.24368708235602,2.740597313906245
114,0.9075357429869507,0.19478485489906888,0.17560327228111713,0.21958559187716784,0.2436870823560199,2.740597313906245
115,0.9075357429869507,0.19478485489906888,0.17560327228111716,0.2195855918771679,0.24368708235601988,2.740597313906245
116,0.9075357429869507,0.19478485489906888,0.17560327228111716,0.2195855918771679,0.24368708235601988,2.740597313906245
117,0.9075357429869507,0.19478485489906888,0.17560327228111716,0.2195855918771679,0.24368708235601988,2.740597313906245
118,0.9075357429869507,0.19478485489906888,0.17560327228111716,0.2195855918771679,0.24368708235601988,2.740597313906245
119,0.9075357429869507,0.19478485489906888,0.17560327228111716,0.2195855918771679,0.24368708235601988,2.740597313906245
120,0.9075357429869507,0.19478485489906888,0.17560327228111716,0.2195855918771679,0.24368708235601988,2.740597313906245
121,0.9075357429869507,0.19478485489906888,0.17560327228111716,0.2195855918771679,0.24368708235601988,2.740597313906245
122,0.9075357429869507,0.19478485489906888,0.17560327228111716,0.2195855918771679,0.24368708235601988,2.740597313906245
123,0.9075357429869507,0.19478485489906888,0.17560327228111716,0.2195855918771679,0.24368708235601988,2.740597313906245
124,0.9075357429869507,0.19478485489906888,0.17560327228111716,0.2195855918771679,0.24368708235601988,2.740597313906245
125,0.9075357429869507,0.19478485489906888,0.17560327228111716,0.2195855918771679,0.24368708235601988,2.740597313906245
126,0.9075357429869507,0.19478485489906888,0.17560327228111716,0.2195855918771679,0.24368708235601988,2.740597313906245
127,0.9075357429869507,0.19478485489906888,0.17560327228111716,0.2195855918771679,0.24368708235601988,2.740597313906245
128,0.9075357429869507,0.19478485489906888,0.17560327228111716,0.2195855918771679,0.24368708235601988,2.740597313906245
129,0.9075357429869507,0.19478485489906888,0.17560327228111716,0.2195855918771679,0.24368708235601988,2.740597313906245
130,0.9075357429869507,0.19478485489906888,0.17560327228111716,0.2195855918771679,0.24368708235601988,2.740597313906245
131,0.9075357429869507,0.19478485489906888,0.17560327228111716,0.2195855918771679,0.24368708235601988,2.740597313906245
132,0.9075357429869507,0.19478485489906888,0.17560327228111716,0.2195855918771679,0.24368708235601988,2.740597313906245
133,0.9075357429869507,0.19478485489906888,0.17560327228111716,0.2195855918771679,0.24368708235601988,2.740597313906245
134,0.9075357429869507,0.19478485489906888,0.17560327228111716,0.2195855918771679,0.24368708235601988,2.740597313906245
135,0.9075357429869507,0.19478485489906888,0.17560327228111716,0.2195855918771679,0.24368708235601988,2.740597313906245
136,0.9075357429869507,0.19478485489906888,0.17560327228111716,0.2195855918771679,0.24368708235601988,2.740597313906245
137,0.9075357429869507,0.19478485489906888,0.17560327228111716,0.2195855918771679,0.24368708235601988,2.740597313906245
138,0.9075357429869507,0.19478485489906888,0.17560327228111716,0.2195855918771679,0.24368708235601988,2.740597313906245
139,0.9075357429869507,0.19478485489906888,0.17560327228111716,0.2195855918771679,0.24368708235601988,2.740597313906245
140,0.9075357429869507,0.19478485489906888,0.17560327228111716,0.2195855918771679,0.24368708235601988,2.740597313906245
141,0.9075357429869507,0.19478485489906888,0.17560327228111716,0.2195855918771679,0.24368708235601988,2.740597313906245
142,0.9075357429869507,0.19478485489906888,0.17560327228111716,0.2195855918771679,0.24368708235601988,2.740597313906245
143,0.9075357429869507,0.19478485489906888,0.17560327228111716,0.2195855918771679,0.24368708235601988,2.740597313906245
144,0.9075357429869507,0.19478485489906888,0.17560327228111716,0.2195855918771679,0.24368708235601988,2.740597313906245
145,0.9075357429869507,0.19478485489906888,0.17560327228111716,0.2195855918771679,0.24368708235601988,2.740597313906245
146,0.9075357429869507,0.19478485489906888,0.17560327228111716,0.2195855918771679,0.24368708235601988,2.740597313906245
147,0.9075357429869507,0.19478485489906888,0.17560327228111716,0.2195855918771679,0.24368708235601988,2.740597313906245
148,0.9075357429869507,0.19478485489906888,0.17560327228111716,0.2195855918771679,0.24368708235601988,2.740597313906245
149,0.9075357429869507,0.19478485489906888,0.17560327228111716,0.2195855918771679,0.24368708235601988,2.740597313906245
150,0.9075357429869507,0.19478485489906888,0.17560327228111716,0.2195855918771679,0.24368708235601988,2.740597313906245
151,0.9075357429869507,0.19478485489906888,0.17560327228111716,0.2195855918771679,0.24368708235601988,2.740597313906245
152,0.9075357429869507,0.19478485489906888,0.17560327228111716,0.2195855918771679,0.24368708235601988,2.740597313906245
153,0.9075357429869507,0.19478485489906888,0.17560327228111716,0.2195855918771679,0.24368708235601988,2.740597313906245
154,0.9075357429869507,0.19478485489906888,0.17560327228111716,0.2195855918771679,0.24368708235601988,2.740597313906245
155,0.9075357429869507,0.19478485489906888,0.17560327228111716,0.2195855918771679,0.24368708235601988,2.740597313906245
156,0.9075357429869507,0.19478485489906888,0.17560327228111716,0.2195855918771679,0.24368708235601988,2.740597313906245
157,0.9075357429869507,0.19478485489906888,0.17560327228111716,0.2195855918771679,0.24368708235601988,2.740597313906245
158,0.9075357429869507,0.19478485489906888,0.17560327228111716,0.2195855918771679,0.24368708235601988,2.740597313906245
159,0.9075357429869507,0.19478485489906888,0.17560327228111716,0.2195855918771679,0.24368708235601988,2.740597313906245
160,0.9075357429869507,0.19478485489906888,0.17560327228111716,0.2195855918771679,0.24368708235601988,2.740597313906245
161,0.9075357429869507,0.19478485489906888,0.17560327228111716,0.2195855918771679,0.24368708235601988,2.740597313906245
162,0.9075357429869507,0.19478485489906888,0.17560327228111716,0.2195855918771679,0.24368708235601988,2.740597313906245
163,0.9075357429869507,0.19478485489906888,0.17560327228111716,0.2195855918771679,0.24368708235601988,2.740597313906245
164,0.9075357429869507,0.19478485489906888,0.17560327228111716,0.2195855918771679,0.24368708235601988,2.740597313906245
165,0.9075357429869507,0.19478485489906888,0.17560327228111716,0.2195855918771679,0.24368708235601988,2.740597313906245
166,0.9075357429869507,0.19478485489906888,0.17560327228111716,0.2195855918771679,0.24368708235601988,2.740597313906245
167,0.9075357429869507,0.19478485489906888,0.17560327228111716,0.2195855918771679,0.24368708235601988,2.740597313906245
168,0.9075357429869507,0.19478485489906888,0.17560327228111716,0.2195855918771679,0.24368708235601988,2.740597313906245
169,0.9075357429869507,0.19478485489906888,0.17560327228111716,0.2195855918771679,0.24368708235601988,2.740597313906245
170,0.9075357429869507,0.19478485489906888,0.17560327228111716,0.2195855918771679,0.24368708235601988,2.740597313906245
171,0.9075357429869507,0.19478485489906888,0.17560327228111716,0.2195855918771679,0.24368708235601988,2.740597313906245
172,0.9075357429869507,0.19478485489906888,0.17560327228111716,0.2195855918771679,0.24368708235601988,2.740597313906245
173,0.9075357429869507,0.19478485489906888,0.17560327228111716,0.2195855918771679,0.24368708235601988,2.740597313906245
174,0.9075357429869507,0.19478485489906888,0.17560327228111716,0.2195855918771679,0.24368708235601988,2.740597313906245
175,0.9075357429869507,0.19478485489906888,0.17560327228111716,0.2195855918771679,0.24368708235601988,2.740597313906245
176,0.9075357429869507,0.19478485489906888,0.17560327228111716,0.2195855918771679,0.24368708235601988,2.740597313906245
177,0.9075357429869507,0.19478485489906888,0.17560327228111716,0.2195855918771679,0.24368708235601988,2.740597313906245
178,0.9075357429869507,0.19478485489906888,0.17560327228111716,0.2195855918771679,0.24368708235601988,2.740597313906245
179,0.9075357429869507,0.19478485489906888,0.17560327228111716,0.2195855918771679,0.24368708235601988,2.740597313906245
180,0.9075357429869507,0.19478485489906888,0.17560327228111716,0.2195855918771679,0.24368708235601988,2.740597313906245
181,0.9075357429869507,0.19478485489906888,0.17560327228111716,0.2195855918771679,0.24368708235601988,2.740597313906245
182,0.9075357429869507,0.19478485489906888,0.17560327228111716,0.2195855918771679,0.24368708235601988,2.740597313906245
183,0.9075357429869507,0.19478485489906888,0.17560327228111716,0.2195855918771679,0.24368708235601988,2.740597313906245
184,0.9075357429869507,0.19478485489906888,0.17560327228111716,0.2195855918771679,0.24368708235601988,2.740597313906245
185,0.9075357429869507,0.19478485489906888,0.17560327228111716,0.2195855918771679,0.24368708235601988,2.740597313906245
186,0.9075357429869507,0.19478485489906888,0.17560327228111716,0.2195855918771679,0.24368708235601988,2.740597313906245
187,0.9075357429869507,0.19478485489906888,0.17560327228111716,0.2195855918771679,0.24368708235601988,2.740597313906245
188,0.9075357429869507,0.19478485489906888,0.17560327228111716,0.2195855918771679,0.24368708235601988,2.740597313906245
189,0.9075357429869507,0.19478485489906888,0.17560327228111716,0.2195855918771679,0.24368708235601988,2.740597313906245
190,0.9075357429869507,0.19478485489906888,0.17560327228111716,0.2195855918771679,0.24368708235601988,2.740597313906245
191,0.9075357429869507,0.19478485489906888,0.17560327228111716,0.2195855918771679,0.24368708235601988,2.740597313906245
192,0.9075357429869507,0.19478485489906888,0.17560327228111716,0.2195855918771679,0.24368708235601988,2.740597313906245
193,0.9075357429869507,0.19478485489906888,0.17560327228111716,0.2195855918771679,0.24368708235601988,2.740597313906245
194,0.9075357429869507,0.19478485489906888,0.17560327228111716,0.2195855918771679,0.24368708235601988,2.740597313906245
195,0.9075357429869507,0.19478485489906888,0.17560327228111716,0.2195855918771679,0.24368708235601988,2.740597313906245
196,0.9075357429869507,0.19478485489906888,0.17560327228111716,0.2195855918771679,0.24368708235601988,2.740597313906245
197,0.9075357429869507,0.19478485489906888,0.17560327228111716,0.2195855918771679,0.24368708235601988,2.740597313906245
198,0.9075357429869507,0.19478485489906888,0.17560327228111716,0.2195855918771679,0.24368708235601988,2.740597313906245
199,0.9075357429869507,0.19478485489906888,0.17560327228111716,0.2195855918771679,0.24368708235601988,2.740597313906245
200,0.9075357429869507,0.19478485489906888,0.17560327228111716,0.2195855918771679,0.24368708235601988,2.740597313906245
201,0.9075357429869507,0.19478485489906888,0.17560327228111716,0.2195855918771679,0.24368708235601988,2.740597313906245
202,0.9075357429869507,0.19478485489906888,0.17560327228111716,0.2195855918771679,0.24368708235601988,2.740597313906245
203,0.9075357429869507,0.19478485489906888,0.17560327228111716,0.2195855918771679,0.24368708235601988,2.740597313906245
204,0.9075357429869507,0.19478485489906888,0.17560327228111716,0.2195855918771679,0.24368708235601988,2.740597313906245
205,0.9075357429869507,0.19478485489906888,0.17560327228111716,0.2195855918771679,0.24368708235601988,2.740597313906245
206,0.9075357429869507,0.19478485489906888,0.17560327228111716,0.2195855918771679,0.24368708235601988,2.740597313906245
207,0.9075357429869507,0.19478485489906888,0.17560327228111716,0.2195855918771679,0.24368708235601988,2.740597313906245
208,0.9075357429869507,0.19478485489906888,0.17560327228111716,0.2195855918771679,0.24368708235601988,2.740597313906245
209,0.9075357429869507,0.19478485489906888,0.17560327228111716,0.2195855918771679,0.24368708235601988,2.740597313906245
210,0.9075357429869507,0.19478485489906888,0.17560327228111716,0.2195855918771679,0.24368708235601988,2.740597313906245
211,0.9075357429869507,0.19478485489906888,0.17560327228111716,0.2195855918771679,0.24368708235601988,2.740597313906245
212,0.9075357429869507,0.19478485489906888,0.17560327228111716,0.2195855918771679,0.24368708235601988,2.740597313906245
213,0.9075357429869507,0.19478485489906888,0.17560327228111716,0.2195855918771679,0.24368708235601988,2.740597313906245
214,0.9075357429869507,0.19478485489906888,0.17560327228111716,0.2195855918771679,0.24368708235601988,2.740597313906245
215,0.9075357429869507,0.19478485489906888,0.17560327228111716,0.2195855918771679,0.24368708235601988,2.740597313906245
216,0.9075357429869507,0.19478485489906888,0.17560327228111716,0.2195855918771679,0.24368708235601988,2.740597313906245
217,0.9075357429869507,0.19478485489906888,0.17560327228111716,0.2195855918771679,0.24368708235601988,2.740597313906245
218,0.9075357429869507,0.19478485489906888,0.17560327228111716,0.2195855918771679,0.24368708235601988,2.740597313906245
219,0.9075357429869507,0.19478485489906888,0.17560327228111716,0.2195855918771679,0.24368708235601988,2.740597313906245
220,0.9075357429869507,0.19478485489906888,0.17560327228111716,0.2195855918771679,0.24368708235601988,2.740597313906245
221,0.9075357429869507,0.19478485489906888,0.17560327228111716,0.2195855918771679,0.24368708235601988,2.740597313906245
222,0.9075357429869507,0.19478485489906888,0.17560327228111716,0.2195855918771679,0.24368708235601988,2.740597313906245
223,0.9075357429869507,0.19478485489906888,0.17560327228111716,0.2195855918771679,0.24368708235601988,2.740597313906245
224,0.9075357429869507,0.19478485489906888,0.17560327228111716,0.2195855918771679,0.24368708235601988,2.740597313906245
225,0.9075357429869507,0.19478485489906888,0.17560327228111716,0.2195855918771679,0.24368708235601988,2.740597313906245
226,0.9075357429869507,0.19478485489906888,0.17560327228111716,0.2195855918771679,0.24368708235601988,2.740597313906245
227,0.9075357429869507,0.19478485489906888,0.17560327228111716,0.2195855918771679,0.24368708235601988,2.740597313906245
228,0.9075357429869507,0.19478485489906888,0.17560327228111716,0.2195855918771679,0.24368708235601988,2.740597313906245
229,0.9075357429869507,0.19478485489906888,0.17560327228111716,0.2195855918771679,0.24368708235601988,2.740597313906245
230,0.9075357429869507,0.19478485489906888,0.17560327228111716,0.2195855918771679,0.24368708235601988,2.740597313906245
231,0.9075357429869507,0.19478485489906888,0.17560327228111716,0.2195855918771679,0.24368708235601988,2.740597313906245
232,0.9075357429869507,0.19478485489906888,0.17560327228111716,0.2195855918771679,0.24368708235601988,2.740597313906245
233,0.9075357429869507,0.19478485489906888,0.17560327228111716,0.2195855918771679,0.24368708235601988,2.740597313906245
234,0.9075357429869507,0.19478485489906888,0.17560327228111716,0.2195855918771679,0.24368708235601988,2.740597313906245
235,0.9075357429869507,0.19478485489906888,0.17560327228111716,0.2195855918771679,0.24368708235601988,2.740597313906245
236,0.9075357429869507,0.19478485489906888,0.17560327228111716,0.2195855918771679,0.24368708235601988,2.740597313906245
237,0.9075357429869507,0.19478485489906888,0.17560327228111716,0.2195855918771679,0.24368708235601988,2.740597313906245
238,0.9075357429869507,0.19478485489906888,0.17560327228111716,0.2195855918771679,0.24368708235601988,2.740597313906245
239,0.9075357429869493,0.19478485489906858,0.17560327228111566,0.21958559187716473,0.24368708235602043,2.740597313906245
240,0.9075357429869508,0.19478485489906897,0.17560327228111705,0.21958559187716753,0.24368708235602005,2.740597313906245
241,0.9075357429869414,0.19478485489906694,0.17560327228110764,0.2195855918771478,0.2436870823560233,2.740597313906245
242,0.9075357429869509,0.1947848548990694,0.17560327228111636,0.21958559187716556,0.24368708235602085,2.740597313906245
243,0.907535742986891,0.19478485489905656,0.17560327228105643,0.21958559187703977,0.24368708235604164,2.740597313906245
244,0.9075357429869519,0.19478485489907219,0.17560327228111194,0.21958559187715312,0.24368708235602596,2.740597313906245
245,0.907535742986958,0.19478485489908992,0.17560327228108388,0.21958559187707372,0.2436870823560585,2.740597313906245
246,0.9075357429865701,0.1947848548989904,0.17560327228073006,0.21958559187635127,0.24368708235615857,2.740597313906245
247,0.9075357429869619,0.1947848548990907,0.1756032722810872,0.21958559187708063,0.24368708235605754,2.740597313906245
248,0.9075357429869629,0.19478485489909234,0.1756032722810857,0.2195855918770758,0.24368708235605985,2.740597313906245
249,0.9075357429869974,0.1947848548992029,0.17560327228090494,0.21958559187656773,0.24368708235626596,2.740597313906245
250,0.9075357429845247,0.19478485489856864,0.1756032722786498,0.2195855918719631,0.24368708235690378,2.740597313906245
251,0.9075357429869624,0.1947848548990908,0.17560327228108769,0.21958559187708165,0.24368708235605738,2.740597313906245
252,0.9075357429869626,0.19478485489909103,0.17560327228108746,0.21958559187708096,0.2436870823560577,2.740597313906245
253,0.9075357429714879,0.19478485489588054,0.17560327226539107,0.21958559184399454,0.2436870823616534,2.740597313906245
254,0.9075357429872479,0.19478485489992312,0.17560327227976452,0.21958559187334278,0.24368708235758818,2.740597313906245
255,0.9075357429869626,0.19478485489909103,0.1756032722810875,0.21958559187708102,0.2436870823560577,2.740597313906245
256,0.9075357429869626,0.19478485489909106,0.1756032722810875,0.219585591877081,0.2436870823560577,2.740597313906245
257,0.9075357429869626,0.19478485489909103,0.1756032722810875,0.21958559187708104,0.2436870823560577,2.740597313906245
258,0.9075357429869626,0.19478485489909106,0.1756032722810875,0.21958559187708102,0.2436870823560577,2.740597313906245
259,0.9075357429869626,0.19478485489909103,0.1756032722810875,0.21958559187708102,0.2436870823560577,2.740597313906245
260,0.9075357429869626,0.19478485489909106,0.1756032722810875,0.219585591877081,0.2436870823560577,2.740597313906245
261,0.9075357429869626,0.19478485489909106,0.1756032722810875,0.219585591877081,0.2436870823560577,2.740597313906245
262,0.9075357429869626,0.19478485489909106,0.1756032722810875,0.219585591877081,0.2436870823560577,2.740597313906245
263,0.9075357429869626,0.19478485489909106,0.1756032722810875,0.219585591877081,0.2436870823560577,2.740597313906245
264,0.9075357429869626,0.19478485489909106,0.1756032722810875,0.219585591877081,0.2436870823560577,2.740597313906245
265,0.9075357429869626,0.19478485489909106,0.1756032722810875,0.219585591877081,0.2436870823560577,2.740597313906245
266,0.9075357429869626,0.19478485489909106,0.1756032722810875,0.219585591877081,0.2436870823560577,2.740597313906245
267,0.9075357429869626,0.19478485489909106,0.1756032722810875,0.219585591877081,0.2436870823560577,2.740597313906245
268,0.9075357429869626,0.19478485489909106,0.1756032722810875,0.219585591877081,0.2436870823560577,2.740597313906245
269,0.9075357429869626,0.19478485489909106,0.1756032722810875,0.219585591877081,0.2436870823560577,2.740597313906245
270,0.9075357429869626,0.19478485489909106,0.1756032722810875,0.219585591877081,0.2436870823560577,2.740597313906245
271,0.9075357429869626,0.19478485489909106,0.1756032722810875,0.219585591877081,0.2436870823560577,2.740597313906245
272,0.9075357429869626,0.19478485489909106,0.1756032722810875,0.219585591877081,0.2436870823560577,2.740597313906245
273,0.9075357429869626,0.19478485489909106,0.1756032722810875,0.219585591877081,0.2436870823560577,2.740597313906245
274,0.9075357429869626,0.19478485489909106,0.1756032722810875,0.219585591877081,0.2436870823560577,2.740597313906245
275,0.9075357429869626,0.19478485489909106,0.1756032722810875,0.219585591877081,0.2436870823560577,2.740597313906245
276,0.9075357429869626,0.19478485489909106,0.1756032722810875,0.219585591877081,0.2436870823560577,2.740597313906245
277,0.9075357429869626,0.19478485489909106,0.1756032722810875,0.219585591877081,0.2436870823560577,2.740597313906245
278,0.9075357429869626,0.19478485489909106,0.1756032722810875,0.219585591877081,0.2436870823560577,2.740597313906245
279,0.9075357429869626,0.19478485489909106,0.1756032722810875,0.219585591877081,0.2436870823560577,2.740597313906245
280,0.9075357429869626,0.19478485489909106,0.1756032722810875,0.219585591877081,0.2436870823560577,2.740597313906245
281,0.9075357429869626,0.19478485489909106,0.1756032722810875,0.219585591877081,0.2436870823560577,2.740597313906245
282,0.9075357429869626,0.19478485489909106,0.1756032722810875,0.219585591877081,0.2436870823560577,2.740597313906245
283,0.9075357429869626,0.19478485489909106,0.1756032722810875,0.219585591877081,0.2436870823560577,2.740597313906245
284,0.9075357429869626,0.19478485489909106,0.1756032722810875,0.219585591877081,0.2436870823560577,2.740597313906245
285,0.9075357428883961,0.1947848548787477,0.17560327218088476,0.21958559166573313,0.24368708239192582,2.740597313906245
286,0.9075357429888448,0.1947848549045135,0.17560327227249586,0.2195855918527881,0.24368708236601558,2.740597313906245
287,0.9075357429874039,0.19478485489995578,0.17560327227989997,0.21958559187362361,0.2436870823575493,2.740597313906245
288,0.9075357429874432,0.19478485490002204,0.1756032722798386,0.21958559187342677,0.24368708235764264,2.740597313906245
289,0.9075357423588,0.1947848547695491,0.17560327164227277,0.21958559052956073,0.2436870825848711,2.740597313906245
290,0.9075357429990227,0.1947848549337709,0.17560327222616814,0.21958559172177997,0.24368708241972864,2.740597313906245
291,0.9075357429874541,0.19478485490002434,0.17560327227984798,0.2195855918734462,0.24368708235764,2.740597313906245
292,0.9075357429874568,0.19478485490002895,0.17560327227984374,0.21958559187343255,0.24368708235764647,2.740597313906245
293,0.9075357389833487,0.19478485407355747,0.1756032682093582,0.21958558328801625,0.24368708381463308,2.740597313906245
294,0.9075357430638932,0.1947848551202467,0.1756032719308923,0.21958559088678253,0.24368708276207604,2.740597313906245
295,0.907535717469463,0.19478484963756254,0.17560324632922517,0.21958553713307918,0.24368709165268196,2.740597313906245
296,0.9075357434773537,0.1947848563087749,0.17560327004891296,0.21958558556481644,0.24368708494407224,2.740597313906245
297,0.9075355803477625,0.1947848213641394,0.17560310687330746,0.2195852429585143,0.24368714160947638,2.740597313906245
298,0.9075357461125974,0.19478486388401606,0.1756032580538693,0.2195855516445638,0.24368709885131232,2.740597313906245
299,0.9075347063797597,0.1947846411587208,0.17560221803228174,0.2195833679983143,0.2436874600139711,2.740597313906245
300,0.9075357629086347,0.19478491216582217,0.17560318160186178,0.21958533544932032,0.24368718749094564,2.740597313906245
301,0.9075291358349724,0.19478349255375021,0.17559655287177203,0.2195714176974289,0.24368948933741413,2.740597313906245
302,0.9075358699589453,0.19478521989665154,0.17560269432420744,0.21958395749854273,0.243687752447627,2.740597313906245
303,0.9074936233264135,0.194776170062111,0.17556044460765322,0.21949525107679083,0.24370242067301856,2.740597313906245
304,0.9075365521995291,0.19478718127511258,0.17559958856670768,0.21957517486941935,0.2436913532859548,2.740597313906245
305,0.90726695838258,0.1947294298572624,0.1753302788084713,0.21900980120432798,0.24378472542640545,2.740597313906245
306,0.9075408981663088,0.1947996830088872,0.1755797924254139,0.21951919444019752,0.24371430421252271,2.740597313906245
307,0.9058092152649623,0.1944287053425324,0.1738622889565986,0.21591609785063376,0.24430462190340532,2.740597313906245
308,0.9075685008686312,0.19487939004752194,0.1754535708842065,0.21916226634745442,0.24386060564686465,2.740597313906245
309,0.9077404767772711,0.19538845367971458,0.1746471197084698,0.21688207365758194,0.24479391408924184,2.740597313906245
310,0.8959844959534511,0.19239677752889864,0.1644702790000739,0.1962252565910151,0.247422972807637,2.740597313906245
311,0.9079243785961173,0.19538529333612822,0.17472192931449723,0.2169486193512581,0.2446418371092798,2.740597313906245
312,0.9078515222969029,0.1954117795108039,0.17474297547148304,0.21708062009125745,0.24476671522818233,2.740597313906245
313,0.9078637296610272,0.19546900932515263,0.17459734988464698,0.21690905755537002,0.2449519713025049,2.740597313906245
314,0.9078788468425351,0.19545862079058754,0.17469942780320233,0.21694109568125977,0.24483269661411966,2.740597313906245
315,0.9086713502844647,0.19867546639668465,0.1694268056346584,0.20213369711160872,0.25077562042383017,2.740597313906245
316,0.8114530215615462,0.17469966535045076,0.1045947469597299,0.07518771680703856,0.2581672428713121,2.740597313906245
317,0.9065657819757901,0.2213759401949503,0.13275326571559826,0.09908106187110795,0.28996411311121156,2.740597313906245
318,0.0,0.0,0.0,0.0,0.0,2.740597313906245
319,0.9130793790378682,0.22293189718642928,0.1372141100687678,0.10789753774174782,0.28935320231551953,2.740597313906245
320,0.9134077570275756,0.2250093507082061,0.1349461857178579,0.10095855277275205,0.29226760309301947,2.740597313906245
321,0.6198419427058146,-0.05996200499207474,0.27199436711311964,0.42920302632756474,-0.3552800429054923,2.740597313906245
322,0.333279283625474,0.5357326622413026,0.2599208335627306,0.4489577941441273,0.32405717317805993,2.740597313906245
323,0.333279283625474,0.23529469989061136,-0.1609401298883525,-0.6971577809971256,0.30634977511512107,2.740597313906245
324,0.333279283625474,-0.10715122235221372,-0.11817494891506208,0.05064664962865963,-0.7956963562828189,2.740597313906245
325,0.333279283625474,-0.4304670738664694,-0.5564045286971357,-0.3946249208167241,-0.102604815459929,2.740597313906245
326,-0.004337349792617617,0.6198284143962629,-0.37804131095892374,-0.24469533709445396,-0.430374768932153,2.740597313906245
327,-0.004337349792617617,0.3332635189051009,-0.6769331555966652,-0.3019797743818747,0.334224313147476,2.740597313906245
328,-0.004337349792617617,-0.004354163585831943,-0.3413202196096263,0.6057917532185815,-0.5373068457512534,2.740597313906245
329,-0.004337349792617617,-0.3413048298163594,-0.4347236403920835,-0.30087481383239767,0.6133526406915519,2.740597313906245
330,-0.3412895586398289,0.7369055652064868,0.1725149714785848,0.10383990365768528,0.2686392424277731,2.740597313906245
331,-0.3412895586398289,0.23025736735167374,0.17933841347420076,-0.4984451441675902,0.5675497441360864,2.740597313906245
332,-0.3412895586398289,-0.11233043742476331,0.2183876660517159,0.1702157899090272,-0.7526328989556896,2.740597313906245
333,-0.3412895586398289,-0.4347007764713588,-0.3008252330242585,0.5183032941492747,0.3280885626861482,2.740597313906245
334,-0.6259607250562097,0.2672935307316606,-0.16299122707072963,-0.38258208245056047,-0.3687976513195286,2.740597313906245
335,-0.8147429947916537,0.16344272995189157,0.1006084387848009,0.11955124159598579,-0.2393435346084511,2.740597313906245
336,0.9075357429869507,0.19478485489906888,0.17560327228111716,0.2195855918771679,0.24368708235601988,2.740597313906245
337,0.9075357429869507,0.19478485489906888,0.17560327228111716,0.2195855918771679,0.24368708235601988,2.740597313906245
338,0.9075357429869507,0.19478485489906888,0.17560327228111716,0.2195855918771679,0.24368708235601988,2.740597313906245
339,0.9075357429869507,0.19478485489906888,0.17560327228111716,0.2195855918771679,0.24368708235601988,2.740597313906245
340,0.9075357429869507,0.19478485489906888,0.17560327228111716,0.2195855918771679,0.24368708235601988,2.740597313906245
341,0.9075357429869507,0.19478485489906888,0.17560327228111716,0.2195855918771679,0.24368708235601988,2.740597313906245
342,0.9075357429869507,0.19478485489906888,0.17560327228111716,0.2195855918771679,0.24368708235601988,2.740597313906245
343,0.9075357429869507,0.19478485489906888,0.17560327228111716,0.2195855918771679,0.24368708235601988,2.740597313906245
