,0,1,tau
0,0.9999999986376962,5.2197775176788694e-05,10.004371992554011
1,0.9999999986376962,5.2197775176788694e-05,10.004371992554011
2,0.9999999986376962,5.2197775176788694e-05,10.004371992554011
3,0.9999999986376962,5.2197775176788694e-05,10.004371992554011
4,0.9999999986376962,5.2197775176788694e-05,10.004371992554011
5,0.9999999986376962,5.2197775176788694e-05,10.004371992554011
6,0.9999999986376962,5.2197775176788694e-05,10.004371992554011
7,0.9999999986376962,5.2197775176788694e-05,10.004371992554011
8,0.9999999986376962,5.2197775176788694e-05,10.004371992554011
9,0.9999999986376962,5.2197775176788694e-05,10.004371992554011
10,0.9999999986376962,5.2197775176788694e-05,10.004371992554011
11,0.9999999986376962,5.2197775176788694e-05,10.004371992554011
12,0.9999999986376962,5.2197775176788694e-05,10.004371992554011
13,0.9999999986376962,5.2197775176788694e-05,10.004371992554011
14,0.9999999986376962,5.2197775176788694e-05,10.004371992554011
15,0.9999999986376962,5.2197775176788694e-05,10.004371992554011
16,0.9999999986376962,5.2197775176788694e-05,10.004371992554011
17,0.9999999986376962,5.2197775176788694e-05,10.004371992554011
18,0.9999999986376962,5.2197775176788694e-05,10.004371992554011
19,0.9999999986376962,5.2197775176788694e-05,10.004371992554011
20,0.9999999986376962,5.2197775176788694e-05,10.004371992554011
21,0.9999999986376962,5.2197775176788694e-05,10.004371992554011
22,0.9999999986376962,5.2197775176788694e-05,10.004371992554011
23,0.9999999986376962,5.2197775176788694e-05,10.004371992554011
24,0.9999999986376962,5.2197775176788694e-05,10.004371992554011
25,0.9999999986376962,5.2197775176788694e-05,10.004371992554011
26,0.9999999986376962,5.2197775176788694e-05,10.004371992554011
27,0.9999999986376962,5.2197775176788694e-05,10.004371992554011
28,0.9999999986376962,5.2197775176788694e-05,10.004371992554011
29,0.9999999986376962,5.2197775176788694e-05,10.004371992554011
30,0.9999999986376962,5.2197775176788694e-05,10.004371992554011
31,0.9999999986376962,5.2197775176788694e-05,10.004371992554011
32,0.9999999986376962,5.2197775176788694e-05,10.004371992554011
33,0.9999999986376962,5.2197775176788694e-05,10.004371992554011
34,0.9999999986376962,5.2197775176788694e-05,10.004371992554011
35,0.9999999986376962,5.2197775176788694e-05,10.004371992554011
36,0.9999999986376962,5.2197775176788694e-05,10.004371992554011
37,0.9999999986376962,5.2197775176788694e-05,10.004371992554011
38,0.9999999986376962,5.2197775176788694e-05,10.004371992554011
39,0.9999999986376962,5.2197775176788694e-05,10.004371992554011
40,0.9999999986376962,5.2197775176788694e-05,10.004371992554011
41,0.9999999986376962,5.2197775176788694e-05,10.004371992554011
42,0.9999999986376962,5.2197775176788694e-05,10.004371992554011
43,0.9999999986376962,5.2197775176788694e-05,10.004371992554011
44,0.9999999986376962,5.2197775176788694e-05,10.004371992554011
45,0.9999999986376962,5.2197775176788694e-05,10.004371992554011
46,0.9999999986376962,5.2197775176788694e-05,10.004371992554011
47,0.9999999986376962,5.2197775176788694e-05,10.004371992554011
48,0.9999999986376962,5.2197775176788694e-05,10.004371992554011
49,0.9999999986376962,5.2197775176788694e-05,10.004371992554011
50,0.9999999986376962,5.2197775176788694e-05,10.004371992554011
51,0.9999999986376962,5.2197775176788694e-05,10.004371992554011
52,0.9999999986376962,5.2197775176788694e-05,10.004371992554011
53,0.9999999986376962,5.2197775176788694e-05,10.004371992554011
54,0.9999999986376962,5.2197775176788694e-05,10.004371992554011
55,0.9999999986376962,5.2197775176788694e-05,10.004371992554011
56,0.9999999986376962,5.2197775176788694e-05,10.004371992554011
57,0.9999999986376962,5.2197775176788694e-05,10.004371992554011
58,0.9999999986376962,5.2197775176788694e-05,10.004371992554011
59,0.9999999986376962,5.2197775176788694e-05,10.004371992554011
60,0.9999999986376962,5.2197775176788694e-05,10.004371992554011
61,0.9999999986376962,5.2197775176788694e-05,10.004371992554011
62,0.9999999986376962,5.2197775176788694e-05,10.004371992554011
63,0.9999999986376962,5.2197775176788694e-05,10.004371992554011
64,0.9999999986376962,5.2197775176788694e-05,10.004371992554011
65,0.9999999986376962,5.2197775176788694e-05,10.004371992554011
66,0.9999999986376962,5.2197775176788694e-05,10.004371992554011
67,0.9999999986376962,5.2197775176788694e-05,10.004371992554011
68,0.9999999986376962,5.2197775176788694e-05,10.004371992554011
69,0.9999999986376962,5.2197775176788694e-05,10.004371992554011
70,0.9999999986376962,5.2197775176788694e-05,10.004371992554011
71,0.9999999986376962,5.2197775176788694e-05,10.004371992554011
72,0.9999999986376962,5.2197775176788694e-05,10.004371992554011
73,0.9999999986376962,5.2197775176788694e-05,10.004371992554011
74,0.9999999986376962,5.2197775176788694e-05,10.004371992554011
75,0.9999999986376962,5.2197775176788694e-05,10.004371992554011
76,0.9999999986376962,5.2197775176788694e-05,10.004371992554011
77,0.9999999986376962,5.2197775176788694e-05,10.004371992554011
78,0.9999999986376962,5.2197775176788694e-05,10.004371992554011
79,0.9999999986376962,5.2197775176788694e-05,10.004371992554011
80,0.9999999986376962,5.2197775176788694e-05,10.004371992554011
81,0.9999999986376962,5.2197775176788694e-05,10.004371992554011
82,0.9999999986376962,5.2197775176788694e-05,10.004371992554011
83,0.9999999986376962,5.2197775176788694e-05,10.004371992554011
84,0.9999999986376962,5.2197775176788694e-05,10.004371992554011
85,0.9999999986376962,5.2197775176788694e-05,10.004371992554011
86,0.9999999986376962,5.2197775176788694e-05,10.004371992554011
87,0.9999999986376962,5.2197775176788694e-05,10.004371992554011
88,0.9999999986376962,5.2197775176788694e-05,10.004371992554011
89,0.9999999986376962,5.2197775176788694e-05,10.004371992554011
90,0.9999999986376962,5.2197775176788694e-05,10.004371992554011
91,0.9999999986376962,5.2197775176788694e-05,10.004371992554011
92,0.9999999986376962,5.2197775176788694e-05,10.004371992554011
93,0.9999999986376962,5.2197775176788694e-05,10.004371992554011
94,0.9999999986376962,5.2197775176788694e-05,10.004371992554011
95,0.9999999986376962,5.2197775176788694e-05,10.004371992554011
96,0.9999999986376962,5.2197775176788694e-05,10.004371992554011
97,0.9999999986376962,5.2197775176788694e-05,10.004371992554011
98,0.9999999986376962,5.2197775176788694e-05,10.004371992554011
99,0.9999999986376962,5.2197775176788694e-05,10.004371992554011
100,0.9999999986376962,5.2197775176788694e-05,10.004371992554011
101,0.9999999986376962,5.2197775176788694e-05,10.004371992554011
102,0.9999999986376962,5.2197775176788694e-05,10.004371992554011
103,0.9999999986376962,5.2197775176788694e-05,10.004371992554011
104,0.9999999986376962,5.2197775176788694e-05,10.004371992554011
105,0.9999999986376962,5.2197775176788694e-05,10.004371992554011
106,0.9999999986376962,5.2197775176788694e-05,10.004371992554011
107,0.9999999986376962,5.2197775176788694e-05,10.004371992554011
108,0.9999999986376962,5.2197775176788694e-05,10.004371992554011
109,0.9999999986376962,5.2197775176788694e-05,10.004371992554011
110,0.9999999986376962,5.2197775176788694e-05,10.004371992554011
111,0.9999999986376962,5.2197775176788694e-05,10.004371992554011
112,0.9999999986376962,5.2197775176788694e-05,10.004371992554011
113,0.9999999986376962,5.2197775176788694e-05,10.004371992554011
114,0.9999999986376962,5.2197775176788694e-05,10.004371992554011
115,0.9999999986376962,5.2197775176788694e-05,10.004371992554011
116,0.9999999986376962,5.2197775176788694e-05,10.004371992554011
117,0.9999999986376962,5.2197775176788694e-05,10.004371992554011
118,0.9999999986376962,5.2197775176788694e-05,10.004371992554011
119,0.9999999986376962,5.2197775176788694e-05,10.004371992554011
120,0.9999999986376962,5.2197775176788694e-05,10.004371992554011
121,0.9999999986376962,5.2197775176788694e-05,10.004371992554011
122,0.9999999986376962,5.2197775176788694e-05,10.004371992554011
123,0.9999999986376962,5.2197775176788694e-05,10.004371992554011
124,0.9999999986376962,5.2197775176788694e-05,10.004371992554011
125,0.9999999986376962,5.2197775176788694e-05,10.004371992554011
126,0.9999999986376962,5.2197775176788694e-05,10.004371992554011
127,0.9999999986376962,5.2197775176788694e-05,10.004371992554011
128,0.9999999986376962,5.2197775176788694e-05,10.004371992554011
129,0.9999999986376962,5.2197775176788694e-05,10.004371992554011
130,0.9999999986376962,5.2197775176788694e-05,10.004371992554011
131,0.9999999986376962,5.2197775176788694e-05,10.004371992554011
132,0.9999999986376962,5.2197775176788694e-05,10.004371992554011
133,0.9999999986376962,5.2197775176788694e-05,10.004371992554011
134,0.9999999986376962,5.2197775176788694e-05,10.004371992554011
135,0.9999999986376962,5.2197775176788694e-05,10.004371992554011
136,0.9999999986376962,5.2197775176788694e-05,10.004371992554011
137,0.9999999986376962,5.2197775176788694e-05,10.004371992554011
138,0.9999999986376962,5.2197775176788694e-05,10.004371992554011
139,0.9999999986376962,5.2197775176788694e-05,10.004371992554011
140,0.9999999986376962,5.2197775176788694e-05,10.004371992554011
141,0.9999999986376962,5.2197775176788694e-05,10.004371992554011
142,0.9999999986376962,5.2197775176788694e-05,10.004371992554011
143,0.9999999986376962,5.2197775176788694e-05,10.004371992554011
144,0.9999999986376962,5.2197775176788694e-05,10.004371992554011
145,0.9999999986376962,5.2197775176788694e-05,10.004371992554011
146,0.9999999986376962,5.2197775176788694e-05,10.004371992554011
147,0.9999999986376962,5.2197775176788694e-05,10.004371992554011
148,0.9999999986376962,5.2197775176788694e-05,10.004371992554011
149,0.9999999986376962,5.2197775176788694e-05,10.004371992554011
150,0.9999999986376962,5.2197775176788694e-05,10.004371992554011
151,0.9999999986376962,5.2197775176788694e-05,10.004371992554011
152,0.9999999986376962,5.2197775176788694e-05,10.004371992554011
153,0.9999999986376962,5.2197775176788694e-05,10.004371992554011
154,0.9999999986376962,5.2197775176788694e-05,10.004371992554011
155,0.9999999986376962,5.2197775176788694e-05,10.004371992554011
156,0.9999999986376962,5.2197775176788694e-05,10.004371992554011
157,0.9999999986376962,5.2197775176788694e-05,10.004371992554011
158,0.9999999986376962,5.2197775176788694e-05,10.004371992554011
159,0.9999999986376962,5.2197775176788694e-05,10.004371992554011
160,0.9999999986376962,5.2197775176788694e-05,10.004371992554011
161,0.9999999986376962,5.2197775176788694e-05,10.004371992554011
162,0.9999999986376962,5.2197775176788694e-05,10.004371992554011
163,0.9999999986376962,5.2197775176788694e-05,10.004371992554011
164,0.9999999986376962,5.2197775176788694e-05,10.004371992554011
165,0.9999999986376962,5.2197775176788694e-05,10.004371992554011
166,0.9999999986376962,5.2197775176788694e-05,10.004371992554011
167,0.9999999986376962,5.2197775176788694e-05,10.004371992554011
168,0.9999999986376962,5.2197775176788694e-05,10.004371992554011
169,0.9999999986376962,5.2197775176788694e-05,10.004371992554011
170,0.9999999986376962,5.2197775176788694e-05,10.004371992554011
171,0.9999999986376962,5.2197775176788694e-05,10.004371992554011
172,0.9999999986376962,5.2197775176788694e-05,10.004371992554011
173,0.9999999986376962,5.2197775176788694e-05,10.004371992554011
174,0.9999999986376962,5.2197775176788694e-05,10.004371992554011
175,0.9999999986376962,5.2197775176788694e-05,10.004371992554011
176,0.9999999986376962,5.2197775176788694e-05,10.004371992554011
177,0.9999999986376962,5.2197775176788694e-05,10.004371992554011
178,0.9999999986376962,5.2197775176788694e-05,10.004371992554011
179,0.9999999986376962,5.2197775176788694e-05,10.004371992554011
180,0.9999999986376962,5.2197775176788694e-05,10.004371992554011
181,0.9999999986376962,5.2197775176788694e-05,10.004371992554011
182,0.9999999986376962,5.2197775176788694e-05,10.004371992554011
183,0.9999999986376962,5.2197775176788694e-05,10.004371992554011
184,0.9999999986376962,5.2197775176788694e-05,10.004371992554011
185,0.9999999986376962,5.2197775176788694e-05,10.004371992554011
186,0.9999999986376962,5.2197775176788694e-05,10.004371992554011
187,0.9999999986376962,5.2197775176788694e-05,10.004371992554011
188,0.9999999986376962,5.2197775176788694e-05,10.004371992554011
189,0.9999999986376962,5.2197775176788694e-05,10.004371992554011
190,0.9999999986376962,5.2197775176788694e-05,10.004371992554011
191,0.9999999986376962,5.2197775176788694e-05,10.004371992554011
192,0.9999999986376962,5.2197775176788694e-05,10.004371992554011
193,0.9999999986376962,5.2197775176788694e-05,10.004371992554011
194,0.9999999986376962,5.2197775176788694e-05,10.004371992554011
195,0.9999999986376962,5.2197775176788694e-05,10.004371992554011
196,0.9999999986376962,5.2197775176788694e-05,10.004371992554011
197,0.9999999986376962,5.2197775176788694e-05,10.004371992554011
198,0.9999999986376962,5.2197775176788694e-05,10.004371992554011
199,0.9999999986376962,5.2197775176788694e-05,10.004371992554011
200,0.9999999986376962,5.2197775176788694e-05,10.004371992554011
201,0.9999999986376962,5.2197775176788694e-05,10.004371992554011
202,0.9999999986376962,5.2197775176788694e-05,10.004371992554011
203,0.9999999986376962,5.2197775176788694e-05,10.004371992554011
204,0.9999999986376962,5.2197775176788694e-05,10.004371992554011
205,0.9999999986376962,5.2197775176788694e-05,10.004371992554011
206,0.9999999986376962,5.2197775176788694e-05,10.004371992554011
207,0.9999999986376962,5.2197775176788694e-05,10.004371992554011
208,0.9999999986376962,5.2197775176788694e-05,10.004371992554011
209,0.9999999986376962,5.2197775176788694e-05,10.004371992554011
210,0.9999999986376962,5.2197775176788694e-05,10.004371992554011
211,0.9999999986376962,5.2197775176788694e-05,10.004371992554011
212,0.9999999986376962,5.2197775176788694e-05,10.004371992554011
213,0.9999999986376962,5.2197775176788694e-05,10.004371992554011
214,0.9999999986376962,5.2197775176788694e-05,10.004371992554011
215,0.9999999986376962,5.2197775176788694e-05,10.004371992554011
216,0.9999999986376962,5.2197775176788694e-05,10.004371992554011
217,0.9999999986376962,5.2197775176788694e-05,10.004371992554011
218,0.9999999986376962,5.2197775176788694e-05,10.004371992554011
219,0.9999999986376962,5.2197775176788694e-05,10.004371992554011
220,0.9999999986376962,5.2197775176788694e-05,10.004371992554011
221,0.9999999986376962,5.2197775176788694e-05,10.004371992554011
222,0.9999999986376962,5.2197775176788694e-05,10.004371992554011
223,0.9999999986376962,5.2197775176788694e-05,10.004371992554011
224,0.9999999986376962,5.2197775176788694e-05,10.004371992554011
225,0.9999999986376962,5.2197775176788694e-05,10.004371992554011
226,0.9999999986376962,5.2197775176788694e-05,10.004371992554011
227,0.9999999986376962,5.2197775176788694e-05,10.004371992554011
228,0.9999999986376962,5.2197775176788694e-05,10.004371992554011
229,0.9999999986376962,5.2197775176788694e-05,10.004371992554011
230,0.9999999986376962,5.2197775176788694e-05,10.004371992554011
231,0.9999999986376962,5.2197775176788694e-05,10.004371992554011
232,0.9999999986376962,5.2197775176788694e-05,10.004371992554011
233,0.9999999986376962,5.2197775176788694e-05,10.004371992554011
234,0.9999999986376962,5.2197775176788694e-05,10.004371992554011
235,0.9999999986376962,5.2197775176788694e-05,10.004371992554011
236,0.9999999986376962,5.2197775176788694e-05,10.004371992554011
237,0.9999999986376962,5.2197775176788694e-05,10.004371992554011
238,0.9999999986376962,5.2197775176788694e-05,10.004371992554011
239,0.9999999986376962,5.2197775176788694e-05,10.004371992554011
240,0.9999999986376962,5.2197775176788694e-05,10.004371992554011
241,0.9999999986376962,5.2197775176788694e-05,10.004371992554011
242,0.9999999986376962,5.2197775176788694e-05,10.004371992554011
243,0.9999999986376962,5.2197775176788694e-05,10.004371992554011
244,0.9999999986376962,5.2197775176788694e-05,10.004371992554011
245,0.9999999986376962,5.2197775176788694e-05,10.004371992554011
246,0.9999999986376962,5.2197775176788694e-05,10.004371992554011
247,0.9999999986376962,5.2197775176788694e-05,10.004371992554011
248,0.9999999986376962,5.2197775176788694e-05,10.004371992554011
249,0.9999999986376962,5.2197775176788694e-05,10.004371992554011
250,0.9999999986376962,5.2197775176788694e-05,10.004371992554011
251,0.9999999986376962,5.2197775176788694e-05,10.004371992554011
252,0.9999999986376962,5.2197775176788694e-05,10.004371992554011
253,0.9999999986376962,5.2197775176788694e-05,10.004371992554011
254,0.9999999986376962,5.2197775176788694e-05,10.004371992554011
255,0.9999999986376962,5.2197775176788694e-05,10.004371992554011
256,0.9999999986376962,5.2197775176788694e-05,10.004371992554011
257,0.9999999986376962,5.2197775176788694e-05,10.004371992554011
258,0.9999999986376962,5.2197775176788694e-05,10.004371992554011
259,0.9999999986376962,5.2197775176788694e-05,10.004371992554011
260,0.9999999986376962,5.2197775176788694e-05,10.004371992554011
261,0.9999999986376962,5.2197775176788694e-05,10.004371992554011
262,0.9999999986376962,5.2197775176788694e-05,10.004371992554011
263,0.9999999986376962,5.2197775176788694e-05,10.004371992554011
264,0.9999999986376962,5.2197775176788694e-05,10.004371992554011
265,0.9999999986376962,5.2197775176788694e-05,10.004371992554011
266,0.9999999986376962,5.2197775176788694e-05,10.004371992554011
267,0.9999999986376962,5.2197775176788694e-05,10.004371992554011
268,0.9999999986376962,5.2197775176788694e-05,10.004371992554011
269,0.9999999986376962,5.2197775176788694e-05,10.004371992554011
270,0.9999999986376962,5.2197775176788694e-05,10.004371992554011
271,0.9999999986376962,5.2197775176788694e-05,10.004371992554011
272,0.9999999986376962,5.2197775176788694e-05,10.004371992554011
273,0.9999999986376962,5.2197775176788694e-05,10.004371992554011
274,0.9999999986376962,5.2197775176788694e-05,10.004371992554011
275,0.9999999986376962,5.2197775176788694e-05,10.004371992554011
276,0.9999999986376962,5.2197775176788694e-05,10.004371992554011
277,0.9999999986376962,5.2197775176788694e-05,10.004371992554011
278,0.9999999986376962,5.2197775176788694e-05,10.004371992554011
279,0.9999999986376962,5.2197775176788694e-05,10.004371992554011
280,0.9999999986376962,5.2197775176788694e-05,10.004371992554011
281,0.9999999986376962,5.2197775176788694e-05,10.004371992554011
282,0.9999999986376962,5.2197775176788694e-05,10.004371992554011
283,0.9999999986376962,5.2197775176788694e-05,10.004371992554011
284,0.9999999986376962,5.2197775176788694e-05,10.004371992554011
285,0.9999999986376962,5.2197775176788694e-05,10.004371992554011
286,0.9999999986376962,5.2197775176788694e-05,10.004371992554011
287,0.9999999986376962,5.2197775176788694e-05,10.004371992554011
288,0.9999999986376962,5.2197775176788694e-05,10.004371992554011
289,0.9999999986376962,5.2197775176788694e-05,10.004371992554011
290,0.9999999986376962,5.2197775176788694e-05,10.004371992554011
291,0.9999999986376962,5.2197775176788694e-05,10.004371992554011
292,0.9999999986376962,5.2197775176788694e-05,10.004371992554011
293,0.9999999986376962,5.2197775176788694e-05,10.004371992554011
294,0.9999999986376962,5.2197775176788694e-05,10.004371992554011
295,0.9999999986376962,5.2197775176788694e-05,10.004371992554011
296,0.9999999986376962,5.2197775176788694e-05,10.004371992554011
297,0.9999999986376962,5.2197775176788694e-05,10.004371992554011
298,0.9999999986376962,5.2197775176788694e-05,10.004371992554011
299,0.9999999986376962,5.2197775176788694e-05,10.004371992554011
300,0.9999999986376962,5.2197775176788694e-05,10.004371992554011
301,0.9999999986376962,5.2197775176788694e-05,10.004371992554011
302,0.9999999986376962,5.2197775176788694e-05,10.004371992554011
303,0.9999999986376962,5.2197775176788694e-05,10.004371992554011
304,0.9999999986376962,5.2197775176788694e-05,10.004371992554011
305,0.9999999986376961,5.219777517677727e-05,10.004371992554011
306,0.9999999986376962,5.2197775176788694e-05,10.004371992554011
307,0.9999999986373678,5.219777498715265e-05,10.004371992554011
308,0.9999999986376962,5.2197775176765844e-05,10.004371992554011
309,0.9999999986376962,5.2197774797585175e-05,10.004371992554011
310,0.9999999931893018,5.219462878640799e-05,10.004371992554011
311,0.9999999986376962,5.2197774797612416e-05,10.004371992554011
312,0.9999999986376962,5.2197774797591606e-05,10.004371992554011
313,0.9999999986376962,5.2197774797578745e-05,10.004371992554011
314,0.9999999986376962,5.2197774797557935e-05,10.004371992554011
315,0.9999999986376962,5.21914835335807e-05,10.004371992554011
316,0.9999096003364936,0.0,10.004371992554011
317,0.9999999931893018,-5.219462878640799e-05,10.004371992554011
318,0.0,0.0,10.004371992554011
319,0.9999999986376962,-5.21914835335807e-05,10.004371992554011
320,0.9999999986373678,-5.219777498715265e-05,10.004371992554011
321,0.9237960141124273,0.3826488379115745,10.004371992554011
322,0.7070428589714651,0.7070428589714651,10.004371992554011
323,0.3826488379115745,0.9237960141124273,10.004371992554011
324,-0.0,0.9999096003364936,10.004371992554011
325,-0.3826488379115745,0.9237960141124273,10.004371992554011
326,-0.7070428589714651,0.7070428589714651,10.004371992554011
327,-0.9237960141124273,0.3826488379115745,10.004371992554011
328,-0.9999096003364936,-0.0,10.004371992554011
329,-0.9237960141124273,-0.3826488379115745,10.004371992554011
330,-0.7070428589714651,-0.7070428589714651,10.004371992554011
331,-0.3826488379115745,-0.9237960141124273,10.004371992554011
332,0.0,-0.9999096003364936,10.004371992554011
333,0.3826488379115745,-0.9237960141124273,10.004371992554011
334,0.7070428589714651,-0.7070428589714651,10.004371992554011
335,0.9237960141124273,-0.3826488379115745,10.004371992554011
336,0.9999999986376962,5.2197775176788694e-05,10.004371992554011
337,0.9999999986376962,5.2197775176788694e-05,10.004371992554011
338,0.9999999986376962,5.2197775176788694e-05,10.004371992554011
339,0.9999999986376962,5.2197775176788694e-05,10.004371992554011
340,0.9999999986376962,5.2197775176788694e-05,10.004371992554011
341,0.9999999986376962,5.2197775176788694e-05,10.004371992554011
342,0.9999999986376962,5.2197775176788694e-05,10.004371992554011
343,0.9999999986376962,5.2197775176788694e-05,10.004371992554011
