,0,1,2,3,4,5,6,7,8,9,tau
0,-0.004935706159853699,-0.08065702237775614,0.0005851920335222238,-0.09036038484157692,0.05494064407909472,0.028281312160208513,0.01884764652750046,-0.07015870271163975,0.025976818985183836,-0.04505380504168852,0.5758453500036469
1,0.20090592329777587,-0.09507717537339738,0.049088464911252634,-0.15645592246358458,0.1442941859920923,0.08300023578100468,0.05963746569594543,-0.13157341674882456,0.07032258092702456,0.021797423340311657,0.5758453500036469
2,-0.22398206402282764,-0.07804351757555204,-0.05075478587283037,-0.03447641280831954,-0.031172812752674525,-0.025296457370579516,-0.021442709720825067,-0.016062966810842325,-0.016963656648591324,-0.12302296710189843,0.5758453500036469
3,0.1652335173097143,-0.22289405284476704,-0.07574504002444249,-0.13360649687077905,0.2183016669306709,0.13242326948654037,0.09757391010951058,-0.14318352754030367,0.17347550507937998,-0.03670999351209117,0.5758453500036469
4,0.30175351974564485,0.032627991197999154,0.06994295847660167,-0.035862270020924625,0.09309772253402196,0.06057201252968891,0.04663612161010002,-0.04248418519047219,0.047060229312558544,0.1268419082235026,0.5758453500036469
5,-0.1668665245242851,0.06031631845691839,-0.040368879597398266,0.10877604865617366,-0.10670232370985235,-0.062123274628377204,-0.04496798219535802,0.0927869258365318,-0.052181502655227106,-0.028109430877155717,0.5758453500036469
6,-0.32588964452942826,-0.1311847016443452,-0.19608509461815918,0.09365092207051069,-0.03533816493116874,-0.01874735693846461,-0.013401560016658064,0.056656007813725054,0.05044830315519359,-0.1648226419903907,0.5758453500036469
7,-0.021026426352282482,-0.25731287451606183,-0.08494429836267832,-0.17265785018321647,0.17155995442450742,0.09706192112349177,0.06858077686411074,-0.15583971505790134,0.13018247537027772,-0.12915187532721864,0.5758453500036469
8,0.12256792002267326,-0.26601506712564493,-0.20627981568198142,-0.009942849381837976,0.2298890930430741,0.14943553415826166,0.11376072846995683,-0.07649950968706641,0.24827516629555565,-0.05188858372586885,0.5758453500036469
9,0.406501870040936,-0.046155359176930984,-0.015648758355681348,-0.001198158003581861,0.18671958262080146,0.1251120864817182,0.09717342245546025,-0.04972011514792328,0.1566201660456741,0.14408697239788615,0.5758453500036469
10,0.1162131492104743,0.07176358774733697,0.02565924543576356,0.05338305590532721,-0.005862630765758276,0.0017007119924040885,0.003471946417787085,0.03598715608380426,-0.0016371059316829116,0.08060445654817747,0.5758453500036469
11,0.06036352941360675,0.07528439696406979,0.012507633833391799,0.0708716828965779,-0.029830281100890966,-0.0130026964549345,-0.007499406627710185,0.05230400092638846,-0.013538381326259652,0.0622560443439085,0.5758453500036469
12,-0.12245147715752677,0.07362114671377848,-0.1573371219542915,0.2829372303818137,-0.10148685476313991,-0.044274705873646236,-0.026212624375674645,0.19315148476719698,0.02367031020729802,0.019612862009955708,0.5758453500036469
13,-0.2773814703827627,-0.01497781893433241,-0.19250748012898145,0.2208800160360842,-0.09867131318008845,-0.049049287414620155,-0.032483330711347715,0.1520613585349376,0.023949167122176127,-0.08389516156602264,0.5758453500036469
14,-0.2767508194496178,-0.18917238489566285,-0.3128148820703474,0.1889624955008375,0.021887665087574407,0.02650982764832413,0.02392250579982128,0.0947357179170206,0.15236477669159917,-0.15316709787099175,0.5758453500036469
15,-0.04150225774444988,-0.11878164238238154,0.013200658862923209,-0.15199558328677218,0.06813914964743552,0.03149679035647756,0.019321863424217166,-0.11110008790676536,0.02018689632519182,-0.08267683183453785,0.5758453500036469
16,-0.16928917291010273,-0.2810062120148681,-0.18494460463845797,-0.07582006815466563,0.1299246693528114,0.07633358179757042,0.054776503634576194,-0.09042903045936311,0.1467757606822917,-0.18290253910889387,0.5758453500036469
17,-0.03644252834848575,-0.32222975337791226,-0.22399038178811234,-0.05979325120972783,0.20868880473746737,0.13003866477502105,0.0967237119729778,-0.10289283502496961,0.226166024553394,-0.14318764745298926,0.5758453500036469
18,0.05873749146900239,-0.22789703829192764,-0.2827985146473576,0.12991422779318884,0.1772769710941292,0.12593065843825704,0.09955640449209427,0.0196741433607694,0.2575992824164132,-0.04286192685619509,0.5758453500036469
19,0.34836334007607345,-0.1463884477464506,-0.014502269695681764,-0.11775393131743776,0.23523473750736146,0.14657081121039542,0.10979711572224836,-0.13443405522984714,0.17180177521726034,0.06682703300102165,0.5758453500036469
20,0.38476261415234514,-0.12065567115028378,-0.13734007224967762,0.07742697960282797,0.2285351625143602,0.1583061655922538,0.12446922924825839,-0.018279805297878204,0.2440688467029166,0.11902916481558676,0.5758453500036469
21,-0.012313819125023353,-0.0691909236016088,-0.0013896492917000996,-0.07556295122819279,0.04402189786110684,0.022319821259637277,0.01470572976292793,-0.05827489962055379,0.0207322615909306,-0.04157670367571373,0.5758453500036469
22,0.2215623617971386,0.07817734865928277,-0.08050143984764477,0.20982125550950198,0.027580813644739244,0.03704720211127828,0.035340517634923255,0.1186654548780176,0.09025454742128235,0.14740489760544026,0.5758453500036469
23,0.15471630091046717,-0.0661266663550368,-0.010324758662239713,-0.04833828169983311,0.10518021843024562,0.06587205836235117,0.04946533129234231,-0.05764126934171162,0.07887930349898828,0.029836056079627724,0.5758453500036469
24,-0.1506369847473492,-0.03097626952220987,-0.0350278409003985,0.001803350682852725,-0.03613244240984728,-0.02483108553136666,-0.019638855296894984,0.008553956296691425,-0.018347314232225635,-0.07111641675158809,0.5758453500036469
25,-0.24550695533190642,-0.17312842475375018,-0.09969408884419113,-0.0758104345601606,0.026650519273094683,0.00862394966197505,0.002985580989645743,-0.059224267019121236,0.03659306052161953,-0.17297091859674382,0.5758453500036469
26,-0.18594145867459566,-0.2538503802620735,-0.2811618482867234,0.08158922064959097,0.10257961329891994,0.07110254860298426,0.055201377100701436,0.009056572035644512,0.18631491909632536,-0.15669041007069487,0.5758453500036469
27,-0.09516825782059489,-0.2950068426424767,-0.30939042907290953,0.08024088008049551,0.16551589857989216,0.11271741777123853,0.08724375907862446,-0.009519415036443185,0.2459305619265102,-0.13616825038891392,0.5758453500036469
28,-0.017861985031074522,-0.12988210322752597,-0.27223370674961567,0.21877213910675092,0.07933708629419638,0.06881983563598139,0.05833537049355158,0.10058501109898066,0.19288124061880652,-0.023941386172025615,0.5758453500036469
29,0.1775310551888144,-0.20697258771784932,-0.07961120358775853,-0.10995193793396303,0.2116870961445361,0.13016735521795736,0.09660695782643854,-0.12701917646102984,0.17413748600278345,-0.022479767163419817,0.5758453500036469
30,0.18637049377236767,-0.08295082706055021,-0.14848534124060353,0.11989846947859979,0.1263480845516535,0.09344853153164198,0.07535799699852919,0.03380028963509208,0.17298558489882185,0.06040680759337597,0.5758453500036469
31,-0.1313746233124086,-0.042467724633564796,0.01508704106589154,-0.04173590899312438,0.027088531291304317,-0.1455647582492947,-0.04539422233932565,0.07415474225901818,-0.035999367213085554,-0.2784960271570145,0.5758453500036469
32,-0.046232082378622204,0.06979138402316137,0.009292556172942465,-0.07593810661764604,-0.22474147597333646,0.008932857141739494,0.008360859008782735,-0.07541637204913092,-0.06647132626312097,-0.05878871313929101,0.5758453500036469
33,-0.14152962224665228,-0.22197540802622698,-0.016667250811440132,0.08358091683453434,0.06694427791595361,0.03401016690008901,0.021327684057956927,-0.027793037864596044,-0.12889713190941343,-0.09460767398316171,0.5758453500036469
34,0.054925356898344435,0.04652567994097524,-0.03492867138482082,0.1020487793739675,-0.012574875030747662,0.0006296754549703989,0.0036987126404926644,0.06464100022067527,0.021436686064382003,0.05387553419167442,0.5758453500036469
35,-0.22622111219858584,0.05963240127430824,0.002429499744406691,0.09056039365576277,-0.02690923029707415,0.1446668919698435,-0.11772316259887679,-0.0693936812845922,-0.08190403010946945,-0.03201826510661156,0.5758453500036469
36,-0.15213730826058797,0.17164213642175763,-0.0024298776418814373,0.056250932193099415,-0.13242424944885609,0.08378865838271816,0.030688925154738145,0.029142472706633678,-0.07812491522857028,-0.02175207615618953,0.5758453500036469
37,-0.25248987986217636,-0.14534106696094926,0.1188027971190826,0.08263087974613546,0.0027293818762225116,0.005742861156702985,0.00525262002452147,0.03987327309495438,-0.001149391769584945,0.05278700472117964,0.5758453500036469
38,-0.21914588133412977,-0.07533062939245037,-0.19224207418941955,0.15790786253379557,-0.03402401597961493,-0.011619881906175935,-0.005557187099363165,0.09636454077673673,0.06356526759859515,-0.09233996777148695,0.5758453500036469
39,-0.07559626960467322,-0.12373583385126166,0.0231848065323188,-0.17324417010345536,0.05886449241911213,0.02342416002123919,0.01239931121094069,-0.12134806207164442,0.005207519721873907,-0.10113021530046278,0.5758453500036469
40,-0.22817425570228386,-0.036515946352029774,-0.08395231665068008,0.05551958249286827,-0.06266552001058172,-0.038508004050310775,-0.028922072333842527,0.04607499412509897,-0.013944773532754787,-0.09622995238173787,0.5758453500036469
41,-0.3069645797177922,-0.17952120735875984,-0.23429022836881255,0.09257173085194803,0.005147855999087441,0.007596332119608494,0.0066570556267827735,0.04349945823805891,0.09488451822322543,-0.17547528168771376,0.5758453500036469
42,-0.094273916617196,-0.1696679405662465,-0.3024280093508028,0.20965859343778498,0.07771861794046064,0.06624520965149554,0.055688633826652414,0.09373157310527207,0.19892090238924307,-0.07043378620429011,0.5758453500036469
43,0.17851830006506883,-0.14463684037414812,-0.03133965260126274,-0.07303795553304002,0.21272471578971527,0.13785288958791928,0.24391318377370072,-0.052243935040795456,0.04645656841915193,0.03504218207485331,0.5758453500036469
44,0.2790862491072515,-0.1798518226255972,-0.044231726006918076,-0.09082890228675096,0.1340038755412738,0.26188106178089315,0.16481856568386477,-0.10784573531383465,0.12175171812135431,-0.09527700899476668,0.5758453500036469
45,0.10126207565401045,-0.12876623651724295,-0.03181081591209269,-0.21381271407413308,0.12742671289419488,0.07019788458847545,0.19300981094120484,-0.18929013339776693,0.13202424645506286,0.04102484859944564,0.5758453500036469
46,0.13862000528435925,-0.13073938915495908,-0.1833485539770392,-0.09944814811687186,0.155741094350695,0.2363663226973262,-0.01813593495553335,-0.08605199389524827,0.1454875327396755,0.055447865806048144,0.5758453500036469
47,0.14138261561228407,-0.14220583935747935,-0.18239372558635186,-0.23094939975806883,0.22340932224560764,0.13778326822264547,-0.02490100884584228,-0.1563197189199189,0.14980070991095823,-0.08030378734081492,0.5758453500036469
48,0.0386068737256179,-0.2610358536006523,-0.0511169042451215,-0.06439973682089453,0.11306744005710653,0.07116120547539197,0.05433490056448617,-0.06562383659108295,0.24131006253655363,0.06600249735517363,0.5758453500036469
49,0.12053959703136356,-0.280094928101899,-0.06551719273174494,-0.21373365471767572,0.2417989533531113,0.14074046587304437,0.10134450023625997,-0.07622066210376471,0.07028522274494192,-0.14710657939530292,0.5758453500036469
50,0.24796961289213573,-0.10701735713021626,-0.03136838801956184,-0.10541292329066634,0.32976324587616457,0.20956133557013362,0.1582779474945851,-0.15569342525407273,0.1536870440982077,0.03813048365280385,0.5758453500036469
51,0.25565401842161906,-0.22077526878950066,-0.06262421309394783,-0.1106283129003395,0.3243657565417169,0.20828247074823722,0.15899164700387916,-0.040400856462068264,0.20885830223757276,-0.0944010028838501,0.5758453500036469
52,0.25843086616169486,-0.22503231982210797,-0.06288228155706169,-0.11430269340505925,0.20777816984640854,0.16691535493227944,0.23550549736021373,-0.24412349118964916,0.16494672929293114,0.02439941512087257,0.5758453500036469
53,0.2681913566887817,-0.23084697606320376,-0.06627059137513482,-0.23543118047519754,0.29546926826431996,0.17585358812869165,0.02345985498886287,-0.17526870427426924,0.17673169964258487,0.011270074763993594,0.5758453500036469
54,0.16708113752958287,-0.1972833292019835,-0.18277314735437625,-0.12894795446726814,0.2411026789956929,0.14481781836032895,0.10446270386238525,-0.26420788384379706,0.2661967419262896,-0.0838053607260049,0.5758453500036469
55,0.09636469380994712,-0.30891046519893356,-0.08408945316604043,-0.111141996623193,0.21373641354466605,0.13130450254824222,0.22213468932510858,-0.07309748017968175,0.2133813636541677,0.0790054103134447,0.5758453500036469
56,0.11756721032184886,-0.3032340073926413,-0.20307071545913585,-0.05576016724922452,0.254263885118185,0.16149282264392217,0.12157175209758585,-0.11101936695004765,0.25771935723652484,-0.07435456355720713,0.5758453500036469
57,-0.15219432435893718,-0.03521634940014266,0.029070660111166335,-0.029747995037736674,-0.10410337337966545,0.00394733106032112,0.01678969789369246,0.0757666174913788,-0.11483487370142588,-0.3741965853779843,0.5758453500036469
58,-0.08647934592647409,0.06137189067091078,-0.09685514785820541,0.011314419987872916,7.792430356256306e-05,-0.057742787897122255,-0.16550583801890154,0.17085816260290376,-0.04603825996857025,-0.2137297548955095,0.5758453500036469
59,-0.0592914377401215,-0.09546732653877094,0.04144032158181426,0.04094537770379071,0.011784694169424069,-0.1784692848674766,-0.05141806358997108,0.15970576826931884,0.10822190854880982,-0.13232839364614166,0.5758453500036469
60,-0.29902178044210115,0.0778794875593052,0.060046949541245884,-0.03440317344279636,0.05764622114094621,-0.11787400166742239,-0.027075802957983015,0.06444087732297453,-0.13662529948704794,-0.2960067145891552,0.5758453500036469
61,-0.17180548949269397,0.022069053870813173,0.08304970285041217,-0.007888682233361057,-0.06171204076426399,-0.24284599486765235,0.045697752574384735,0.04586385909748687,-0.14670153105195105,-0.35210729640494326,0.5758453500036469
62,-0.07699106819198077,0.05892076119236746,-0.028595927516363886,-0.033404813110408924,0.056929899107695636,-0.24031084889825563,-0.07234580776266052,0.016113898270469898,0.0178706575199766,-0.4290256216776931,0.5758453500036469
63,-0.08471876973754092,-0.08674613628589735,-0.05479469777104532,0.03026178279808026,0.10735485329209686,-0.19796897003262864,-0.03603759833715873,0.1685711073787129,0.03421073248045208,-0.4089650764259202,0.5758453500036469
64,-0.06407865038411714,0.08523369332863731,-0.12584353716724228,-0.09284985067241279,-0.22335699851916538,-0.14810335169284303,-0.08823461010154328,-0.05992484309622401,-0.1800893356552616,-0.0693093915107681,0.5758453500036469
65,-0.005737695097454078,0.20419149001868162,0.08599211149671308,-0.058596175128513485,-0.29296659711495726,0.05632894790673117,-0.0999969704441522,-0.1435135359191861,0.038094771939642454,-0.12009751835592374,0.5758453500036469
66,0.09885851137403075,0.13711774732349596,-0.06523773731084336,-0.016085122593470752,-0.36182224492534737,0.07245344157348932,0.0627081658766504,-0.0855929057917315,-0.02064303831309907,-0.017709657407632397,0.5758453500036469
67,-0.1453327138850082,-0.2003133839363705,-0.1435553214475198,0.07827446206583352,0.0609662017877924,-0.11636618984864547,-0.07058963498837822,-0.009908569804334508,-0.24786045911249452,-0.09614611995303247,0.5758453500036469
68,-0.11472957344013548,-0.2576581495786753,0.056046822768433806,0.24479305927605594,0.1638658790286552,0.10347907000543052,-0.06772884001933378,-0.05190549229383486,-0.10075684405112104,-0.14496281675871883,0.5758453500036469
69,-0.1574826428232635,-0.36597130228076646,-0.12901133808126375,0.1449946146775707,0.15210536728805782,0.0906570448037526,0.06458583774975668,-0.03161009439206017,-0.0591093206531774,-0.138443420959418,0.5758453500036469
70,-0.11171554691708989,0.09093607136248891,-0.04564578855324129,-0.12467343976733065,0.014734005968456068,-0.05626872571072717,-0.15716952138238025,0.15439013322153808,-0.11079356634779199,-0.38230644701526606,0.5758453500036469
71,-0.07831702711447516,-0.0607204080434645,-0.029604925385239483,-0.0088065448669853,0.05800973280475511,-0.06555755940894714,-0.12692360977438213,0.281411185308382,-0.04611625091980009,-0.3529507904417046,0.5758453500036469
72,-0.1022757848325144,0.1603956791327206,-0.06754803319450005,0.18385142686658676,-0.05552190295983665,-0.06772161027470178,-0.2027322852873308,0.15981667783424855,-0.08174263447962284,-0.3085410701574008,0.5758453500036469
73,0.018524725668758152,0.15247411932541075,-0.10749410297487709,0.1483702053375626,-0.02512508023234585,-0.1235833653525771,-0.12237201231744446,0.2260863835904652,-0.14834973597179038,-0.22197171704510021,0.5758453500036469
74,-0.00778360597540028,0.05354698081371663,-0.22760406840514982,0.10824203993051888,0.06280109202393704,-0.02545836655115838,-0.1901095165762731,0.27223985160638003,0.03503934709865561,-0.2459827329887429,0.5758453500036469
75,-0.1779225820681053,0.04185849588724309,-0.13110942006973156,-0.15698610601440852,-0.00795604675874193,-0.1709942600341658,-0.15930192403792742,0.06772947012564003,-0.19250287339129202,-0.3252462624453844,0.5758453500036469
76,-0.1762328710867887,0.11924036272780865,0.024035013802008415,-0.15313276698149192,0.04186250859971741,-0.02242297351149361,-0.215260610169339,0.0753965895074728,-0.023570127816038122,-0.4877172620957343,0.5758453500036469
77,-0.14829459061382924,0.060845007607466126,-0.11881624747240664,-0.1526699723455476,0.060407492948772804,-0.036757357630811914,-0.15624026785834907,0.1912304406042846,-0.09001963219378059,-0.537546848844819,0.5758453500036469
78,-0.1417309464475453,-0.020043892396436565,-0.12900863748912508,-0.28307364276206337,0.07032109685716227,-0.14627421222384504,-0.15912765064022527,0.009622549803328021,-0.18122612222369283,-0.4114845453265838,0.5758453500036469
79,-0.22573092017712187,-0.012582959791119995,-0.2774894391468144,-0.15088582569636919,0.02191698960841226,-0.22566377149468492,-0.17582531120882922,0.07509867544463801,-0.2020139089052703,-0.38879537346645593,0.5758453500036469
80,0.010403464490827595,0.04540007956506812,-0.12554484031144075,-0.31031785708088866,0.1032969053658969,-0.17553574665392924,-0.17877168187123124,0.022474549199956343,-0.22084957362480706,-0.3852308591315198,0.5758453500036469
81,-0.10915060573357699,-0.043318291434045524,-0.22416398052464595,-0.31008253810956,0.13189163610172502,-0.16012657690081997,-0.18214411165200964,0.03656907166223799,-0.17548968364822076,-0.5055216922148452,0.5758453500036469
82,0.029450497911603268,-0.02700433332768285,-0.15782212409407154,-0.351939518081808,0.12370363104062335,-0.2126958498529887,-0.1404572519725579,-0.08778632249181915,-0.2329811363884072,-0.2923634659712797,0.5758453500036469
83,0.0800258516422224,0.043675305115021684,-0.23954031350136712,-0.3162330768304502,0.15192910582228367,-0.23046046279371088,-0.2005346504691767,0.0393482850953457,-0.24502858855845125,-0.4136612383005447,0.5758453500036469
84,0.13492031711344263,-0.040704551472923414,-0.09839447044327376,-0.3905822491810965,0.1863385671407758,-0.12649913263774398,-0.11430755306104279,-0.09771405176921386,-0.16586969437013174,-0.30385270079043936,0.5758453500036469
85,0.07372235993414353,-0.08923281334615923,-0.2669101007910265,-0.3848184660540661,0.1915781508660347,-0.23956063886143328,-0.13566058743584278,-0.11834099864264604,-0.22411548736383,-0.3191912163248088,0.5758453500036469
86,0.07986431955333019,-0.1563823161923392,-0.23230101687846325,-0.41365167041125783,0.22586340006463354,-0.1739030467725685,-0.09268444173719737,-0.17139032668124446,-0.15958975706698994,-0.3058826085506335,0.5758453500036469
87,0.17400429110289217,-0.09445410844606977,-0.3263705127292919,-0.38473233734626394,0.24748112563264754,-0.24143950968590994,-0.13310648979459833,-0.10866888420685651,-0.2066054952104124,-0.32020698355409566,0.5758453500036469
88,0.03208323897297185,-0.20992002748411917,-0.08336694057061281,-0.11855415296677287,0.15840116659183207,0.0934380581175981,0.06767607269701331,-0.11881681961506631,0.13011500643371413,-0.08259033698724773,0.5758453500036469
89,0.10404835059671873,0.0014021085590191643,0.09318283857849262,-0.11553798237231455,0.0403938174733003,0.017961014144951614,0.010920989000480379,-0.07705106522409601,-0.019367560051421224,0.025183982161454226,0.5758453500036469
90,-0.049062791424722155,0.03243054381284023,0.05322140558779629,-0.03872635549340445,-0.04044483112606192,-0.029831367774478736,-0.02400997619352819,-0.010728968623612329,-0.057185044370296985,-0.012987606720940556,0.5758453500036469
91,-0.11054188218364533,0.013778703548839828,-0.15746314522090804,0.21775306584709112,-0.05481624308301028,-0.019152434119907275,-0.008947745844759875,0.14069667040286185,0.0483091011564215,-0.007361313869731734,0.5758453500036469
92,-0.3514234329969219,-0.22879679619739543,-0.2858389121899338,0.004450925247535035,0.02101402763256963,0.13314363858017733,0.06932312343573453,-0.047076024579897124,0.11470720887498456,-0.19274091308045926,0.5758453500036469
93,-0.2543662883017601,-0.2599800175392645,-0.14722624248924393,0.0391681860208914,0.0019030617540044914,0.1439431491931407,0.056027224293061874,0.050876940131074085,0.07527111644986091,-0.06712075849098631,0.5758453500036469
94,-0.3635648443945195,-0.15394911580159468,-0.23464082352411117,0.26216256290715884,-0.050842646045468495,0.04187871234830087,0.03491973272922073,-0.02997284045608622,0.10271080050099472,-0.19481525728814258,0.5758453500036469
95,-0.3239127423078656,-0.1307891090063812,-0.33754899037008834,0.22909917357799195,-0.0560861570204114,0.03188357918887191,0.027825731298782845,0.06522431437040505,0.022609528313598644,-0.1258269586651713,0.5758453500036469
96,-0.29942359911184413,-0.04873975004507485,-0.12587868942343777,0.09293930501031271,-0.08196345400177926,-0.048742217587927274,-0.03602281636056705,0.0720019334686249,-0.009142458552594324,-0.1236877121177768,0.5758453500036469
97,-0.15888338143133504,0.14864322233524224,0.12594299675593193,-0.015149931246317446,-0.1626083600235531,-0.10823407258005341,-0.0834307391465207,0.03928547023642063,-0.1740725571823212,-0.009897193266448563,0.5758453500036469
98,-0.06297905692455034,0.020095856868758106,0.18401185308515608,-0.22810963410788387,-0.03447880146710229,-0.04134243874714729,-0.03821897976250188,-0.12267272013971338,-0.13128848127790282,-0.05043011711478675,0.5758453500036469
99,0.08756796453631312,0.05049042747276472,-0.053552974666789224,0.13364337530076031,-0.0033247797793014232,0.009503483670319465,0.011515651283011772,0.08084655260236369,0.04116696960830313,0.07287607400050106,0.5758453500036469
100,-0.02766712071334917,-0.06690640359589894,-0.27127905460626145,0.28646524857688765,0.03127600439289768,0.04302020403159264,0.04064018647492408,0.15499837478462705,0.1673727874454747,0.0053982767179287195,0.5758453500036469
101,0.1546230252410693,-0.033551882398754326,-0.1926585138468866,0.23130391197561134,0.07862175624355291,0.07115401972226355,0.06144292657582425,0.11280897771208055,0.17054386428855997,0.08227673430622347,0.5758453500036469
102,-0.014794846977786063,-0.18900400462072053,-0.33211330240634584,0.23359096542369837,0.12096541532888379,0.09701788634239358,0.08016365241427813,0.09582827930350725,0.24814693737877158,-0.042618944927657026,0.5758453500036469
103,0.09464163230101799,-0.05705222121380167,-0.08343947175083755,0.055108779901506894,0.0745174877943517,0.0537003710297451,0.04284071059145625,0.010481064049618533,0.09754823221668558,0.024278522817940757,0.5758453500036469
104,0.2561033303951771,-0.12447245675396806,-0.22122594208637586,0.17611928119628295,0.18066938779597913,0.13389316871114676,0.10803434333616783,0.050751595001666726,0.25104140547436093,0.08073996930436671,0.5758453500036469
105,0.14679405967332948,-0.16824990747339266,-0.2680161618949099,0.1824203933834987,0.16903116725101183,0.12572443320214352,0.10139698170790068,0.05514841702868717,0.2571667202887312,0.02191683173047178,0.5758453500036469
106,-0.05804226361006375,-0.28092540289789203,-0.32150749980115423,0.11465221646571644,0.1694730280198617,0.11843456917360012,0.09277211601650003,0.010146296586673745,0.25993950531115,-0.11121035546713588,0.5758453500036469
107,0.09394035014028107,-0.2668469005559794,-0.25939533327571473,0.05806463277343244,0.21854972931746042,0.14726081075437802,0.1138872430498473,-0.03425939832715839,0.2692750580875054,-0.05375939577856405,0.5758453500036469
108,-0.13207691509647423,-0.30640287184572385,-0.24980507050642575,-0.01460578130353378,0.1606824055556426,0.10157370153761332,0.07587772781212895,-0.06388397859797068,0.2042570696210631,-0.16875670535989662,0.5758453500036469
109,0.18225973566722137,-0.12102312681001148,0.01870067945448576,-0.14588617286646005,0.1548827907647288,0.09051810936795332,0.0655352145761603,-0.1293800992826624,0.09041407411876691,0.0062464289281941405,0.5758453500036469
110,0.27658329900364376,-0.2517994858723616,-0.1090793651866146,-0.11311484423638438,0.2803311095462843,0.17542067188477128,0.131404430340697,-0.14825824616838057,0.23840770313239354,-0.00029884199759655836,0.5758453500036469
111,0.34003397670159874,-0.20936196977488325,-0.13470423462082254,-0.027412030155852064,0.2740588560883112,0.17890803480127218,0.13685317598828745,-0.09487788891557283,0.25876939549378697,0.053081474434713206,0.5758453500036469
112,0.2747491917937115,-0.16674821262256673,-0.2369950711760974,0.15174856727684463,0.2172214558579624,0.15581144755303597,0.12407069992311165,0.02537160829682749,0.28062017949914364,0.06887537945118184,0.5758453500036469
113,0.18123177307044333,-0.10220662122449611,0.04463618192322163,-0.15979556659953967,0.14174929549913426,0.0808784395468245,0.05782110440236056,-0.133226881790669,0.06892407719774296,0.01084421110452353,0.5758453500036469
114,-0.09772693376259077,-0.11276685737811293,-0.1631371721764611,0.08625553471956263,0.03906738117964538,0.031238567297630592,0.02559839980528877,0.03465616085563477,0.09945410455089859,-0.06840020895143617,0.5758453500036469
115,0.22473100402973406,0.0019976722789055252,0.006575675086367965,0.009430840063353912,0.0841475468958033,0.05761630763560449,0.04524782819335537,-0.015493626250186347,0.06846718736466545,0.091367095663887,0.5758453500036469
116,-0.0031890857102159446,-0.18174900548074135,-0.09342026605146625,-0.07647012443131468,0.12495555076068687,0.0747849005357746,0.054526836174555914,-0.08464040374376287,0.11460743142610032,-0.08003111520375035,0.5758453500036469
117,0.2609276662574375,-0.16466646403118965,-0.04184327582700276,-0.1076718219424817,0.21433435637062237,0.13293146339973233,0.09924229568906247,-0.12426153776299226,0.16521375069744448,0.02674046381057582,0.5758453500036469
118,0.2328513159513883,-0.29358438758107624,-0.20059427307825584,-0.04018283309177736,0.2913385543124771,0.18796559151428355,0.14275047870060742,-0.11078621342488161,0.29036433134215184,-0.022720996463873367,0.5758453500036469
119,0.3748085046793471,-0.16725750804405712,-0.2208510396354146,0.15870211929538058,0.1822124499910742,0.17006254847340754,0.12978872412091647,-0.016337589757117996,0.29908700045671494,0.19709782695795358,0.5758453500036469
120,0.34090436310822825,-0.12319453558056774,-0.29089171644368733,0.11824837735079283,0.22164554376941867,0.04828580662223312,0.058767622422880576,0.022297154714320724,0.28272707485643556,0.15534110076796082,0.5758453500036469
121,0.2321183093835956,-0.23871847798206075,-0.20957843611953608,0.03246404922918398,0.252242370831395,0.1684676101789737,0.13002789259657851,0.05006210805550952,0.30248373622274727,-0.0349218613164386,0.5758453500036469
122,0.3132701349237561,-0.18318009582093672,-0.30015580994851904,0.24491620660929048,0.2978585302976217,0.21927267075459753,0.08633209741512186,0.025684157888062706,0.28554381931193673,0.044745499247559044,0.5758453500036469
123,0.26509479098267436,-0.13383475349944304,-0.34442124191480644,0.18539070513178463,0.22513295948619,0.1611221926098192,0.22810631381387952,0.08844761754116069,0.23816907691175837,0.04656790756564698,0.5758453500036469
124,0.11516989518554598,-0.1696574932364904,-0.27794969295344224,0.19188282166625192,0.15780634596066037,0.11888392239354885,0.0962985056169619,0.06337626071009154,0.2530088069928792,0.01019620528956747,0.5758453500036469
125,0.38925300979591043,-0.046200483648799216,-0.033375003446579225,0.02120709050211118,0.17984652688445757,0.12228161410606402,0.09556720840929134,-0.03500737572272298,0.16105283062271764,0.14045089262055768,0.5758453500036469
126,0.19691675911790987,-0.005071905601975766,-0.13250525905971397,0.18545261791721346,0.0758220613522752,0.06609079712170177,0.05653561424960794,0.08832908330200748,0.1404347047884039,0.10307551695481956,0.5758453500036469
127,0.35409814180441046,-0.14639679747864412,-0.026194905178012505,-0.10173237993425271,0.23719089426584913,0.14918651745537317,0.11227044861184922,-0.12563189826152515,0.18026720123759038,0.07141283827401812,0.5758453500036469
128,0.41252149488980544,-0.12369598364402022,-0.14079743252602855,0.0806600842370927,0.24116027274937354,0.1670350594857478,0.13134000983223815,-0.0197155293107214,0.25607437233122143,0.12938819084574768,0.5758453500036469
129,0.37867929438693687,-0.2047395580541407,-0.1343622902527852,-0.020002816761271615,0.28550004534352164,0.1873186262357236,0.1436634112140356,-0.09321523692933631,0.26950812937883084,0.07122266843766496,0.5758453500036469
130,0.34156471342949657,-0.18261071041118473,-0.24036265760187708,0.14345898653021869,0.2537250789516265,0.17949159744481144,0.14217550360820244,0.010640259751879811,0.30967613950420647,0.08830687791291185,0.5758453500036469
131,0.29908411607471846,-0.1659859301260546,-0.05013339749507856,-0.09533748940298085,0.22960493647040606,0.14421448862294742,0.10836891482712138,-0.1209955560327981,0.18272450497470424,0.04318351637931187,0.5758453500036469
132,0.2873937358212569,-0.2869932187520034,-0.1956272501642875,-0.03564288739321644,0.3075268691669159,0.19938639408054937,0.15185249170295023,-0.11187827951434319,0.30296486081993457,0.0020542861153110283,0.5758453500036469
133,0.3139245253740312,-0.055480893498676374,-0.05439988089001305,0.0336662886484205,0.1573355583271881,0.10791546007095676,0.08459764023581512,-0.022606891863378997,0.15171070413584484,0.1088693446435929,0.5758453500036469
134,0.1069602750010411,-0.195838926259206,-0.07404651576441021,-0.11009661901642159,0.1771296035000709,0.1070309056042523,0.07865278819395315,-0.11790115479322241,0.1442593127345891,-0.04638179531075154,0.5758453500036469
135,0.38707643384996065,-0.12145541900487226,-0.15206104300842035,0.09637549014802854,0.22968881611353448,0.16060179133585983,0.12676378397188934,-0.007618440125535504,0.2534089395240427,0.12238344202329647,0.5758453500036469
136,0.2034094765624296,-0.03757450987464228,-0.15436212773342228,0.17916157940695107,0.10075181911018945,0.08180614136443635,0.06831335864790686,0.07682869542054568,0.16612892656768055,0.09263393955202946,0.5758453500036469
137,0.2032018768804763,-0.16394256061213427,-0.24767954573988382,0.16403167731932286,0.1878388865615109,0.13701770675489416,0.10975923554853007,0.039989258565962936,0.2624829655468001,0.04327449887992659,0.5758453500036469
138,-0.0007915988827481216,-0.0744281818573869,-0.21692625629711637,0.20743866950414577,0.04785697811942773,0.04768691305448368,0.04207978805964648,0.10464116955790155,0.14799645975668024,0.0018704965566081273,0.5758453500036469
139,0.2302629525081264,-0.20301651156996872,-0.1667554004234145,0.01461215833831709,0.22723391351320177,0.15080751640491627,0.11611314592226546,-0.05846955425815869,0.2390788924572914,0.017907592518390254,0.5758453500036469
140,0.08890403101781202,-0.2606234621616576,-0.3204729705704555,0.14619536619173693,0.21105264653358527,0.14943915566616542,0.11802325395457025,0.019039940535744055,0.29997983333965866,-0.04072777992224635,0.5758453500036469
141,0.2057410681480283,-0.08909191597467092,-0.04923946891395601,-0.018116109569347717,0.139985593557036,0.09138551967270388,0.0699688626172197,-0.04996364098108829,0.12534635558160007,0.04590374149184153,0.5758453500036469
142,0.11920017603289962,-0.2822079434781353,-0.1567130711904621,-0.09432137222367318,0.24098682023705476,0.1498049303475095,0.11161642073273749,-0.12901824249362046,0.2247950748929418,-0.07143239457449971,0.5758453500036469
143,0.20147787855376512,-0.029797809235282274,-0.13806385399095011,0.1658511522117609,0.09486069062738575,0.07689817822764633,0.06420022285748238,0.07096908493185837,0.1536079919998478,0.09284491475470644,0.5758453500036469
144,0.003207722198251336,-0.05520569393236949,-0.017834429959616392,-0.03701465600974927,0.03974944756055537,0.022812944486838783,0.016266829742548176,-0.034154709353210126,0.03021289364842109,-0.024639115454546376,0.5758453500036469
145,0.09089891768597964,-0.19531452978135885,-0.03220492016614747,-0.16656430150893964,0.17147679339539712,0.09865951564082405,0.07060207537084484,-0.14921044591228402,0.11524137639474977,-0.06071122214757009,0.5758453500036469
146,-0.04596562694858913,-0.33123575270783645,-0.20841073297895601,-0.09125013518760859,0.21171762214911283,0.12937231262057494,0.09526744527270876,-0.12234194799003471,0.2173961701009345,-0.15486410985278665,0.5758453500036469
147,0.18660385779491748,-0.08256992842060774,-0.04218429437917875,-0.021690499539893777,0.12825635555802503,0.0832991428505152,0.06362468311448928,-0.048777450188104435,0.11290010862534407,0.040217519458507364,0.5758453500036469
148,-0.08687071944251924,-0.14228940640327314,-0.0046930457741554635,-0.15732501100209895,0.0670982351559928,0.029922887099015083,0.017718401066206615,-0.11509619123799013,0.023714200391126962,-0.11022657102421282,0.5758453500036469
149,0.20485167636990276,-0.1883555740209815,-0.17557473943805624,0.04080428175368701,0.20707585600795086,0.13958852451765427,0.10820576503034733,-0.037505990858674544,0.23074659511276363,0.017056301944823316,0.5758453500036469
150,0.09927300060367687,-0.022082639830400885,-0.12662793821419396,0.15182716258637713,0.050801262932781956,0.04616007972933615,0.039904792537372204,0.07424621641854832,0.11133934950936528,0.05310189540346857,0.5758453500036469
151,0.12394163921778828,-0.28136623234679414,-0.16577481949763628,-0.08094527256583077,0.2420183760872445,0.1515984270038361,0.11338504556341651,-0.12147681610541128,0.23115858289621458,-0.0673059419854042,0.5758453500036469
152,0.10181083675248317,-0.2525960215026622,-0.2938858034776874,0.12047238225803017,0.2108274188967761,0.14735817708805757,0.1157848540612168,0.004575517413566058,0.2863734236874984,-0.036320093811598335,0.5758453500036469
153,0.2039152371015688,-0.24208681620194647,-0.39572918871294954,0.1212216611940702,0.25095677212637113,0.0689591954757163,0.07331047251317116,0.010385239491450936,0.2467561824090206,0.0019044943006672965,0.5758453500036469
154,0.06290269243775488,-0.23061949664299336,-0.3004673054414882,0.17830514181095472,0.24364477348884514,0.17663768659340393,0.03863107281327649,-0.006171391745078739,0.40194641523467106,-0.10440439729671151,0.5758453500036469
155,-0.04146793840525483,-0.2589407550538153,-0.3510527960823139,0.17962823565902875,0.15970961197214087,0.11750622540589684,0.09401437505685147,0.05136515035244107,0.2743916786389381,-0.08706125551757295,0.5758453500036469
156,0.18013248622002065,-0.24222064428693948,-0.4111491216709417,0.13326266786693494,0.27170964803206776,0.06686218410222895,0.07650795738814127,0.10863200975732273,0.3035020767744347,-0.10848989564634488,0.5758453500036469
157,0.1812450818672659,-0.2650884567352136,-0.34790949145613265,0.16811288811510466,0.17336497902283315,0.13806741819017115,0.1085515582560034,-0.01295961108134124,0.3090647730512634,0.08874841509352052,0.5758453500036469
158,0.2573548522303847,-0.2587383154617933,-0.43683558656099036,0.06955387439719982,0.19978725600294306,0.10434832094320487,0.1031512857425332,0.02413938199760841,0.343236270102106,-0.05281690956665293,0.5758453500036469
159,0.1705116523758247,-0.1457363254552328,-0.3093078992857707,0.10777433309638257,0.1722509499240382,0.015032703985377665,0.03206651449048377,0.027275654581126,0.26626739670911526,0.08883275514987483,0.5758453500036469
160,0.20776804074803712,-0.31573916638341937,-0.4351136417484591,0.11170261069328669,0.25738496711976055,0.023359812370619213,0.13537437954723355,0.047183386911089566,0.2236053643637699,-0.10186656117217627,0.5758453500036469
161,0.20097614975721106,-0.3089630368329919,-0.4180221492783425,0.01199931251853591,0.30100643881695194,0.048225734726730744,0.06134235351096966,0.024335294540088693,0.24981014335808505,-0.07765279632741365,0.5758453500036469
162,0.22783458791048722,-0.27736733131740576,-0.4137574799651594,0.19088888216184943,0.3448582795750244,0.09704733926237347,0.10253595660166645,-0.0435738847452447,0.2896081274619621,-0.0032781773665899153,0.5758453500036469
163,0.29683435108814993,-0.22081933861575864,-0.4092982392129982,0.1841377197351693,0.3274319051067276,0.12128844891005491,0.027484376760591976,-0.0030496804278049637,0.22032565544716318,0.008613094504472944,0.5758453500036469
164,0.26833876903571463,-0.25241013491953695,-0.47550931296145066,0.08979161726165359,0.3083976098369324,0.1365644139473905,0.11532691131389568,0.03928568313047075,0.2484096909414458,-0.011778765038734883,0.5758453500036469
165,0.2501797911043759,-0.19135858410043433,-0.48320697603715934,0.12912065068471226,0.26723759076388887,0.05420202967458739,0.15689151831081327,0.05693689323104362,0.1836296130225025,0.006355810906875133,0.5758453500036469
166,0.24003299502138034,-0.31133498921795444,-0.49046908790743055,0.13016723852394194,0.2950270143477217,0.09988508957395666,0.08490745535550887,0.03807511483225419,0.19015746457348445,-0.018606796265971594,0.5758453500036469
167,0.176803179022173,-0.25908735514333475,-0.5122059166455769,0.1295239347907278,0.259134321118846,-0.01196660129299934,0.025463434756276337,0.024539100398199985,0.20570938482515805,-0.019218950458779072,0.5758453500036469
168,0.03475990728335849,-0.2837569042206325,-0.26968403347530484,0.08062977244405362,0.2807255734264077,0.19309798370434497,0.032626160249610965,-0.08046988730427856,0.4141944839742263,-0.1601428333754195,0.5758453500036469
169,-0.04521166628501507,-0.2159009428670863,-0.30992959077305965,0.2148296961523309,0.2271680462672776,0.16987275718242045,-0.022151917564538517,-0.0008117135422505897,0.4406262212389089,-0.17507459190629868,0.5758453500036469
170,0.1656478325099249,-0.314831599128033,-0.47405450051822373,0.19689036666537288,0.1718912166051605,0.09158990359863774,0.08126170405114301,-0.014883671604089365,0.31297144832946244,0.10547593629905398,0.5758453500036469
171,0.1804263347733246,-0.24045732333077352,-0.31649235673329346,0.21962742098848892,0.18280285613409378,0.18788034628758724,0.05142063930396541,-0.04157300059919594,0.42663890968232443,0.07757206459217793,0.5758453500036469
172,0.0647251094345909,-0.2752274143906835,-0.2952180195739618,0.2097315867947616,0.08211235029476435,0.18401686315929028,0.12770436148665648,-0.012547803050764205,0.3383180113064998,0.10538794649489609,0.5758453500036469
173,0.03651928471151229,-0.35054080800743764,-0.26415156439367804,0.10691078397228179,0.11955507304713574,0.21721975788033743,0.14705935987481566,-0.09037776382863806,0.35617816531903196,0.05686431877863784,0.5758453500036469
174,-0.07969976290666628,-0.24257607543645857,-0.23540961153469436,0.22203972530568816,0.011702113763813131,0.18023143038066236,0.11784163256227052,0.015343246577923221,0.30439963386764907,0.05157429945053906,0.5758453500036469
175,0.2713542388101007,-0.05006000729135713,-0.049499690726317894,0.03008400991185652,0.13743204069493065,0.09428853444964308,0.07391757637707072,-0.01943382858625174,0.13326392847380564,0.09346410778525648,0.5758453500036469
176,0.06255224433636332,-0.19356659668954065,-0.06065005927962637,-0.12864460020301396,0.15891186342304015,0.0932735344315639,0.06743671581507557,-0.12398600466426066,0.1215081093730569,-0.06584914592869276,0.5758453500036469
177,0.3448328907775341,-0.04713698797127595,-0.12182504887871501,-0.07516871507942494,0.1765040880999182,-0.03202591125219312,-0.0021197027824845613,-0.06979212976506824,0.02424023005873704,0.0998876428164271,0.5758453500036469
178,0.2750480545616409,0.06445740459758596,0.0009987157852686128,0.12895813028732953,0.14973802457249155,0.11564975625029178,-0.05143538394164881,-0.012733108900606648,0.25553854796498454,0.05278719688653921,0.5758453500036469
179,0.1366980577884105,-0.029470216603444895,-0.14616552726081147,0.17242408678464474,0.06984658008567761,0.06054604839963635,0.051616401956542046,0.08105862068798914,0.13706410532500005,0.06818485643801171,0.5758453500036469
180,0.26397940354841776,-0.1483569249336198,-0.08906936744761093,-0.20400208151047228,0.21543031504670196,0.004346118410517499,0.017865245651513248,-0.16243121615486708,0.041362407665359265,0.012812739748179333,0.5758453500036469
181,0.38226657830049937,-0.12540383967669916,-0.2865315170631405,-0.09235113166543261,0.2532773283249669,-0.08818276953748574,-0.028696719914343007,-0.08804293335433526,0.030602169872570386,0.07679064033746497,0.5758453500036469
182,0.08678806152271032,-0.12060278188972359,0.011469062190479084,-0.15436503538040017,0.11897433458672484,0.05749962299304089,0.040961140732482706,-0.12414832200206756,0.053702918012894514,-0.03322745922425475,0.5758453500036469
183,0.20389810031380054,-0.26766480295951345,-0.17211386376959498,-0.20456109605981276,0.2732671907401567,0.058089881788892454,0.05564256088569284,-0.18553934417164508,0.13037569688127634,-0.054575317618949626,0.5758453500036469
184,0.013932122378880737,-0.19349273292312452,-0.08511023004554737,-0.2695220760265044,0.15172577735502277,-0.039658351300097976,-0.01959891189086456,-0.1874499067989099,-0.020171080780741497,-0.11246770556702944,0.5758453500036469
185,0.05464549741561294,-0.03912706925670393,0.10593584814043172,-0.10165082596954515,0.14494349440952134,0.11743936227637745,-0.07227710218159805,-0.15784476687793725,0.20473284225013913,-0.11225983193543239,0.5758453500036469
186,-0.039613393457434025,-0.17393260682608178,-0.05429463323222563,-0.017796737933861287,0.09908268564822403,0.13413378996646658,0.0898607961644738,-0.05388081174270688,0.16410785677836692,-0.07879937407542154,0.5758453500036469
187,-0.09264833266721584,-0.10714218524520049,-0.03925357904048997,-0.28750489432664167,0.04469835337807777,0.09433021006476003,0.03564553185363111,-0.21535189551563486,-0.06088276125384793,-0.0829791769699187,0.5758453500036469
188,-0.0446740907920151,-0.313926889988923,-0.07705922896591591,-0.23719556307436368,0.13263453122803862,0.11308278049317963,0.04166050009591931,-0.13310681178523,0.013100145880697626,-0.05293571232826772,0.5758453500036469
189,0.06094686311464752,-0.23885094718049713,-0.07556849354850009,-0.27717332318776877,0.1918465605728782,-0.01911395493904431,0.0034181319087166896,-0.379170955325266,-0.0345576780625562,-0.14581445797472437,0.5758453500036469
190,0.12020290661779111,-0.23275860733900203,-0.1837645912322015,-0.31051679916495345,0.20599597433151154,-0.013613378925529288,0.007601111260883305,-0.2908988309901397,-0.09018597093895454,-0.07648164345660712,0.5758453500036469
191,-0.02365623284135468,-0.3010167884477864,-0.2353150144998387,-0.27235825916825546,0.21590687786142956,-0.054724133437691565,-0.02261690559337546,-0.20257972154747259,0.022436723249266183,-0.1712535336008869,0.5758453500036469
192,-0.12296569559339662,-0.08250186279283796,0.028650312386547746,-0.1053241681090522,0.00585797846230334,0.10860852444004768,0.05571501955808601,-0.09039468422463974,0.03313569590504316,-0.07627330548314065,0.5758453500036469
193,-0.2041699295007611,-0.1430073277685832,-0.1271045269598383,-0.28266155014474303,0.022209960199070258,0.23298859710315822,0.10525253427094189,-0.24677680741978203,-0.015915208964390817,-0.10563164382748558,0.5758453500036469
194,0.09171938751583426,-0.08696428225928084,0.0032073672456307024,-0.06850870489620006,0.09780701087519318,-0.006642453810230103,0.008355015801690515,-0.052459592704767924,0.04867150938783384,-0.02026086498020206,0.5758453500036469
195,-0.11504067066314308,-0.16457546322886835,-0.05307665178675211,0.010379502853776394,0.058975889929797624,0.20322239466426595,0.1237967803876184,-0.04656013559724559,0.184056197434412,-0.08590383466091278,0.5758453500036469
196,0.0005205236665924381,-0.2024406713413624,-0.09307393361076027,-0.11967936517564638,0.15101227351550497,-0.1367807779349649,-0.060335251153985,-0.06808122289894993,0.02917609752731567,-0.13270910475209174,0.5758453500036469
197,0.17728920407782675,-0.13729188907249507,-0.14851442905436832,0.06833656809550034,0.16684936833930986,-0.032272390471077814,0.01007613284117915,0.024603014925371376,0.1401904631160428,0.0007825063037324833,0.5758453500036469
198,-0.18195001476520326,-0.20878520706702974,-0.07182572767647476,-0.17608526371006608,0.08026962927527184,-0.028248118644606704,-0.014978777655021407,-0.11980149321920054,0.014307932208085227,-0.1850207328032423,0.5758453500036469
199,-0.08207454511917238,-0.29895088548708515,-0.2439777723862177,-0.05276560249224547,0.18700841932173412,-0.14480211132618814,-0.058241696385279915,-0.036292168033252095,0.09531377768191344,-0.1966127613877042,0.5758453500036469
200,-0.015348743778073735,-0.180170115835912,-0.05376473775181672,-0.27648928491968716,0.1276282091514113,0.02374113566196701,0.012084623978735625,-0.20140083219824872,-0.010113817807071119,-0.1071697321766049,0.5758453500036469
201,-0.07446173043774813,-0.34390725445580034,-0.08393570511183666,-0.15106360584329648,0.13817815788881244,0.0557315416526218,0.018138874530850307,-0.0625118625528167,0.05228094539934131,-0.08222146486338758,0.5758453500036469
202,-0.2068860884776569,-0.30091961045093896,-0.07848144385493094,-0.14798377133359542,0.12453585089115761,-0.05034273849318115,-0.010852573440908493,-0.28261536186747965,0.02399191329633727,-0.2746861994545614,0.5758453500036469
203,-0.23921828155944402,-0.3111932745160825,-0.20424096670455577,-0.19109378588659948,0.11541830236202873,-0.05278932321750852,-0.0159329667008947,-0.19360975178757778,-0.045031951333979255,-0.2464042073671916,0.5758453500036469
204,-0.30250322296068627,-0.2514640827899075,-0.1601814111441657,-0.11339615056725477,0.05762735974739427,0.08568346185318176,0.04615712812147167,-0.10776888624630958,0.08567242041345488,-0.21653847534841653,0.5758453500036469
205,-0.045320658215414325,-0.03565182154060927,-0.009382272571183105,-0.24423006459261948,0.010853691806974207,0.12613559855929518,0.05077412515089337,-0.18932066807130207,-0.06856664569008322,-0.02208202947193153,0.5758453500036469
206,-0.0026691558412049437,-0.19121825833071357,-0.16915657878054413,-0.3636582585775542,0.14298699412794957,0.13658770683562635,0.06320130114698322,-0.29385208829890613,-0.0283620989904029,-0.07850278852882879,0.5758453500036469
207,-0.14220916027695277,-0.043929012425553575,0.019500513986618232,-0.06411625107411588,-0.02823832752595518,0.08830913366681,0.041188838683961844,-0.05644668882044102,0.011198099582511608,-0.06278003103581804,0.5758453500036469
208,-0.14763651658529245,-0.012485049115301463,-0.10238427939730815,-0.22753373113044556,-0.04924200723254079,0.2891608564993121,0.12682147369485533,-0.21562797653064544,-0.055570249986843116,-0.003213623989993704,0.5758453500036469
209,0.021778052029057755,-0.13363760129843025,-0.008822247642050127,-0.036190668560494695,0.10243668825183876,-0.0407428879614444,-0.005940659181658332,-0.024370373288018134,0.07633451348878365,-0.07432902900029416,0.5758453500036469
210,-0.20177328617732337,-0.13526342276118525,-0.07458758875973973,0.04609169443187336,0.005251535057856367,0.18226168126063852,0.10516925190864154,-0.014688773527752007,0.1512599207785666,-0.10039964781835556,0.5758453500036469
211,0.16563509202686835,0.009676364161667155,-0.031271529671028524,-0.08088081042799952,0.06349817858264022,-0.011210707988305224,-0.0053879641538575945,-0.05986970698809337,-0.03226190642321477,0.06139429815896186,0.5758453500036469
212,0.037164515487895976,-0.0830796101348863,0.01762632869542296,0.03414661215309282,0.1734820006355929,-0.07924657213221602,-0.16651250415879018,-0.03379329648089434,0.21946775450165562,-0.1634234560413155,0.5758453500036469
213,0.06261208707089695,-0.19124418796496195,-0.17838318152114155,0.09701505810612679,0.1605790430730953,-0.09018914668029795,-0.01988289811017936,0.055609806999273544,0.1508285259269842,-0.07587241402779578,0.5758453500036469
214,0.16349233137725538,-0.07037192021908951,-0.05590249476866513,-0.26176318858555364,0.12243778553929568,0.044589808917659,0.020151693514357517,-0.19774309207497787,-0.05106310686353951,0.021416994511595348,0.5758453500036469
215,0.3235348270087545,0.01841032776275161,-0.18872032851624615,-0.07744143117284491,0.12330510529915616,0.0394256159846111,0.023145662197068435,-0.08747923175162575,-0.021682794504012077,0.14939069357473575,0.5758453500036469
216,0.44055424260867976,0.07055998717202948,-0.1710765536249267,-0.06122980371499672,0.1732843871132966,-0.06801651240234755,-0.0012471871892118873,0.0008243578368787701,-0.046565018754942386,0.04947527139382051,0.5758453500036469
217,0.36547068681153533,0.05279124060031344,-0.16994679730539577,-0.19592593871324845,-0.00912272336348923,0.06901092592405378,0.045421182541285604,-0.1943533462349715,-0.06383292616421092,0.1191911646829039,0.5758453500036469
218,0.29827834304801,-0.10260726420990686,-0.13726858045207188,0.06707286112502692,0.16568513576771174,0.06137749918195459,0.04152703498677712,-0.059625841411988685,-0.1349130545667799,0.1380683673181527,0.5758453500036469
219,0.31568982648676575,-0.09423464413757206,-0.1918959899984151,-0.1951989957457754,0.19920312075280122,0.08538962283614378,0.053389843111809145,-0.1815974591347714,0.020666538676305544,0.08821548746825461,0.5758453500036469
220,0.32878135254736823,0.07143665699055862,-0.18261560205666758,-0.05038798678075362,0.17057978345089528,0.19423236599811505,-0.041439545087877595,-0.18792433220256805,-0.06550922642005523,0.1975887374640217,0.5758453500036469
221,0.3754280038251818,0.07557371163020467,-0.21184081796834814,-0.17262025316194396,0.14020178988734192,0.16441177754666952,0.0872010642231508,-0.18260475751689534,-0.04824461941428017,0.16204880699798033,0.5758453500036469
222,0.35350503388683735,-0.06146736566654594,-0.08419227773912466,-0.03611626005390597,0.19165604088317084,0.07570762886808367,0.051643792316047536,-0.08622733856675487,-0.010290466204760117,0.2997543370022468,0.5758453500036469
223,0.3627697569684527,-0.041292918772218454,-0.3294925458703573,0.00032754547005344186,0.17911356856584476,0.09049481177754534,0.060768270301704924,-0.06379931142141798,0.06731687349082247,0.15954252980717776,0.5758453500036469
224,0.47692495062382695,-0.016126011608411248,-0.1702118319740766,-0.1722873134242356,0.2580451827393475,-0.054606816148869815,0.01831678685142764,-0.06957185900728968,-0.019581541467265387,-0.021340698305836743,0.5758453500036469
225,0.5153453392893192,0.04062213038800592,-0.2631522173451971,-0.001429843920686203,0.24578985591531122,-0.09863416113816738,0.009208080541105822,0.06580256841590876,0.00774895918627058,-0.01780386602847626,0.5758453500036469
226,0.5334145391034637,-0.03851570332064084,-0.2618443636536641,-0.08727880891670176,0.3094901573994282,-0.0678719448809491,0.031855134232067636,-0.0012059841042964842,0.0410216110641129,-0.057532258465866966,0.5758453500036469
227,0.5043638373429463,-0.017715306195856515,-0.34107641695824437,0.07235647249035303,0.28065468792145,-0.07039548546512966,0.03476270919849921,0.1005379550681469,0.08915379925758493,-0.04012918903999986,0.5758453500036469
228,0.4524240222286595,-0.061836883402559974,-0.15234662230940615,-0.1253610272442696,0.2692762156590092,-0.00945410255087448,0.04700931350514854,-0.05736234299157279,0.05601867984916399,-0.022959220714861978,0.5758453500036469
229,0.514149636347274,-0.12109490104382468,-0.3177240012250413,-0.08124499824579343,0.35525501155559897,-0.025627885991726638,0.06038460875560748,-0.018782598276809368,0.11089014139803836,-0.08470505705808208,0.5758453500036469
230,0.40590639326218164,0.030423180527758602,-0.12479789730099906,-0.009430517075339028,0.17838760891740352,-0.03239519330756349,0.02482175229366209,0.02511057255782221,0.029207952663947507,0.032382512544371675,0.5758453500036469
231,0.34371411467664925,-0.1517425060543506,-0.15353744688388218,-0.08539848556808925,0.2621996168407142,0.07969591573178908,0.08655547797486911,-0.08137974678369854,0.15145579995726155,-0.010075865262541582,0.5758453500036469
232,0.5030728215203797,0.033446284469429564,-0.2514701005672468,0.023390780757301402,0.24352280987583327,-0.09106671635003684,0.015539399180357426,0.08065994429759989,0.02989322373623416,-0.022417996610388298,0.5758453500036469
233,0.32226874234672326,0.015550473196335738,-0.20339187228514338,0.14749396824565844,0.14198832513383514,-0.0018770461755583364,0.039162507992561824,0.104626185045679,0.1015163687433094,0.0536377582120679,0.5758453500036469
234,0.3153852196656126,0.043362120545936154,-0.3045831637637624,0.1268672628904213,0.12999633689938395,-0.13858315899296378,-0.04596754647296025,0.1137712035623107,-0.006592363798580902,0.053654410391974,0.5758453500036469
235,0.312236947695319,0.07748474263361071,-0.18468058946893903,0.2403617773232524,0.171907427498913,0.03780997419069513,-0.05750669731485841,0.10352212259307306,0.24289950075563668,0.006047773342287996,0.5758453500036469
236,0.14201190770562241,-0.0629731371361015,-0.23088859270627785,0.21316178883143583,0.10215486706423743,0.058107538215326715,0.05967515680806184,0.10856132724567101,0.17335174937682893,0.03800341214495036,0.5758453500036469
237,0.4077269883733911,-0.03292209865358703,-0.36443427550171265,0.046745461433952536,0.22791394292704273,-0.13618022628493187,-0.03379559242550487,0.05445438814697233,0.020477176146672313,0.02824321661867647,0.5758453500036469
238,0.2503599660733567,-0.013998412646369461,-0.4575920281765112,0.15651768487922493,0.14804502508251485,-0.19833150140259997,-0.08101515906636557,0.1305191491149226,-0.01094924322495874,0.014735669165277068,0.5758453500036469
239,0.30487122318425597,0.021374216242618864,0.07091576177472411,-0.04938946401006784,0.10222777439115321,0.06543242713180271,0.04995487305735865,-0.05317302846258156,0.05141569397474072,0.12193494764573698,0.5758453500036469
240,0.13263593923291067,-0.2294845732004837,-0.08511475490818424,-0.13070033572008116,0.2103681526865646,0.12717802264885827,0.09349302485088705,-0.13983902787865557,0.17047687963708477,-0.05169454741880109,0.5758453500036469
241,0.1388413843061665,0.07727097750167478,0.030838152110014973,0.054167874379687855,-0.0010381690191348125,0.005124785819132143,0.0062200454030440925,0.03550785283240963,0.0008702030569329539,0.09175798676295717,0.5758453500036469
242,0.4001671038689462,-0.06461365965958873,-0.016227467808491068,-0.021295677995094006,0.19730008563951887,0.1302858163875748,0.1004888306632355,-0.06493992877848541,0.1612795121327073,0.13179280893108028,0.5758453500036469
243,-0.01653470219919044,-0.056563054297462584,-0.0026503870881408728,-0.06020953314464792,0.03349909681613809,0.016692374061527442,0.010850971856514189,-0.04611013351236532,0.015706233587045905,-0.03633239825624986,0.5758453500036469
244,0.25476524216284896,0.07865559951264939,-0.0705069041652551,0.19936168631677872,0.040061452856328034,0.04463763619983154,0.040988358538567936,0.10949886985017432,0.0952114831420103,0.15926240568391742,0.5758453500036469
245,-0.0896061493337375,-0.08910469932446582,-0.16239528317375015,0.1120190198072822,0.02550400347149869,0.024606254032055873,0.021348310348073062,0.05416679571627159,0.09348118567473569,-0.05263998159991039,0.5758453500036469
246,0.1607824466472409,-0.10799064702286419,0.039973376112555685,-0.16142077383458972,0.1379580525417629,0.07807888495683975,0.05553512834805522,-0.13350732393336195,0.06692757545214263,0.0003318139762771417,0.5758453500036469
247,-0.14851412035513695,-0.2349262559747462,-0.21570781755395305,0.017737863463983497,0.10476422157490037,0.0677707714407537,0.05106660905020694,-0.027584458150731957,0.15494074051596418,-0.14398226439034048,0.5758453500036469
248,-0.28785302880539376,-0.1123636133965195,-0.23335756197065302,0.16698004557461668,-0.03486700785302115,-0.012149347695549822,-0.00609046949385109,0.10000089016465034,0.07731810915800744,-0.1321228771615038,0.5758453500036469
249,0.09988277222597858,-0.23364162644756348,-0.09470743334303175,-0.1248153315163089,0.20065726829900601,0.12101905688749505,0.08880311095244685,-0.13420130482350767,0.16671172036803988,-0.06540430998501846,0.5758453500036469
250,0.3054367401763579,0.0095862382242133,0.07130257129383488,-0.0629064655849522,0.11075240315332371,0.06987487758395387,0.052942388332148295,-0.06373091050140768,0.05545933535944693,0.11581665393182757,0.5758453500036469
251,-4.542844022534305e-05,-0.23744088491228937,-0.12321598204102716,-0.09804592303153675,0.16478812997237824,0.0988928312040521,0.07221567145890884,-0.10988577814741934,0.15172244193290366,-0.1026498423920795,0.5758453500036469
252,-0.26262235694542224,-0.29694416166748233,-0.17920308785265512,-0.10777028586199033,0.1057842068729145,0.05715277500421875,0.03878673684481254,-0.1037074452981565,0.11878366236670362,-0.23052256587440423,0.5758453500036469
253,0.16135630350849997,0.08089003814493624,0.03603128318372024,0.052836649524552144,0.00507341519310987,0.009211514797380482,0.009409807550574809,0.03338547632759909,0.003986106934529803,0.10185753556624733,0.5758453500036469
254,0.39040656087926895,-0.08319768506192715,-0.017831861281178404,-0.04040588533082683,0.20664677437374854,0.13470392488953395,0.10323977939162553,-0.07928452603718492,0.16545072499903007,0.11823350411496429,0.5758453500036469
255,-0.15554604052793725,-0.2661668395422224,-0.06556298390272075,-0.21792881133706477,0.12704237013479702,0.06317837458968323,0.04082518172920976,-0.17139218329992767,0.0786815417701679,-0.19241243206898645,0.5758453500036469
256,-0.3856685578816807,-0.27177010377052147,-0.12341571053882677,-0.16322198922894837,0.04237762662283052,0.010329732231384727,0.0009913974377555748,-0.11874923453440989,0.03867035172802334,-0.2780130051851452,0.5758453500036469
257,-0.18922136942192688,-0.29704528557519777,-0.17919099985706438,-0.2725012700964125,0.14556093814342136,-0.04576387279154722,-0.025505730886564233,-0.19280298765653273,0.0031961468537649884,-0.23216662007736444,0.5758453500036469
258,-0.13276185708898813,-0.2005147118000676,0.03288011648918303,-0.24094211817392605,0.17016483534327226,0.0941995313755759,-0.061757705210273746,-0.23858497507464532,0.1723314501422919,-0.24839284328959574,0.5758453500036469
259,-0.03260437240905776,-0.14999592423755545,0.049383448442534325,-0.23423587104667185,0.09421576116487862,0.04187145387823428,0.02489725217747398,-0.1668728116534885,0.013439631971845351,-0.10263848832001987,0.5758453500036469
260,-0.29672942273148256,-0.19972350783080914,-0.00554639496716581,-0.23466871148477245,0.02775927846971722,-0.003966434582314383,-0.011383839304572877,-0.1529554218314724,-0.023980632626290015,-0.2261426549847729,0.5758453500036469
261,-0.48225767598556174,-0.20649675475563023,-0.10946011350689812,-0.11653865885145248,-0.04003485049180129,-0.04031926240733888,-0.036644112337589595,-0.06780895744914055,-0.02311563101693913,-0.28531791959903874,0.5758453500036469
262,-0.2033369113156057,-0.28528411551325267,-0.034237030225224306,-0.2843353113423526,0.1229552070435711,0.05469285719856408,0.03222433510431945,-0.20983166145356924,0.052109343804207106,-0.2280983543783885,0.5758453500036469
263,-0.13337718181836508,-0.09549223612592939,0.06176118509372421,-0.19765633048759768,0.01776686136218279,-0.0057693459709389685,-0.010768313812837913,-0.12381928245270413,-0.045085570210454534,-0.11707620944555218,0.5758453500036469
264,-0.38091575740798356,-0.10050408777744624,-0.026875599334628887,-0.10240568435903444,-0.07453925972539004,-0.06048912461836499,-0.050964524954504244,-0.045719678904111424,-0.07356466824426025,-0.20352559565912268,0.5758453500036469
265,-0.5369463739480662,-0.17696929005488846,-0.1723361132124232,-0.003761555579771453,-0.08285385932020962,-0.05956164830096944,-0.048335342068482785,0.009781584988823373,-0.015558998930662754,-0.2797679479012992,0.5758453500036469
266,-0.044441711944807796,-0.21095904457254738,0.04064947417439779,-0.2908502395281439,0.13247983488465254,0.06198934468027724,0.038475673383270084,-0.21230869082642706,0.03562695546826851,-0.13822632346558414,0.5758453500036469
267,-0.18617016364439992,-0.32610908844780956,0.024289126600752425,-0.40647107018322853,0.1593824792526462,0.0686514526526762,0.039427839178200745,-0.2918103878482916,0.038751164896404046,-0.2541121844150467,0.5758453500036469
268,-0.03595242105607003,-0.2619185760945377,0.010662215814192055,-0.3960804515725648,0.06795784973560622,0.11677680954541678,0.07969461055589208,-0.3190519089929267,0.058560410798394295,-0.20516569641019744,0.5758453500036469
269,0.012727431582543039,-0.30982894276046385,-0.03723953330369635,-0.2920872088228529,0.22231365481359242,0.1206935450823185,0.08329271716767729,-0.24041445540857542,0.13235900428359107,-0.15254398834368507,0.5758453500036469
270,0.0010673228830957446,-0.19353897362223266,0.052319239887064016,-0.3708099732140956,0.1696813804858489,0.19501090079317793,0.11418843113145746,-0.2982469383296032,0.05791105920320974,-0.14821881015386076,0.5758453500036469
271,0.09554050989539958,-0.13252888375484712,0.019399525593563383,-0.1657247641862143,0.13003588604227398,0.07192233662973695,0.05037203595086853,-0.13523739140255672,0.06588072109002843,-0.035347704166031356,0.5758453500036469
272,0.033028523079955636,-0.2646781151942729,-0.03902350440287245,-0.45601410364364925,0.12147077698943126,0.033151516778246355,0.029670124490192757,-0.3441260326101681,-0.00470259619260631,-0.18755089076552833,0.5758453500036469
273,-0.04539870786442885,-0.2520894096660557,0.03489924811533562,-0.4237621708915038,0.07836706730415575,0.15819733177770548,0.025599540205242976,-0.387863284715588,0.14583267174573208,-0.27956458988211896,0.5758453500036469
274,-0.019357439063289995,-0.3368249172901788,-0.06297253019767467,-0.4123878810153939,0.0875828762177939,0.16705478256561218,0.118423857121927,-0.3590118420404077,0.12613818705448937,-0.24216663834406046,0.5758453500036469
275,-0.024258236489439294,-0.24953724821670176,-0.08777032644749626,-0.37688845223703443,0.16070218019301444,-0.04537455569624542,-0.023510654087994035,-0.2621888584341547,-0.03923657898217233,-0.17159774848178877,0.5758453500036469
276,0.06324672942051753,-0.32922325903554894,-0.1333389235039105,-0.479026651208728,0.184149850619712,0.014538044568530186,0.02367471375465541,-0.3673849970415581,0.014096858225980625,-0.20560345513480313,0.5758453500036469
277,0.021030651167925088,-0.1955100699307293,-0.023436697060433706,-0.25410407947540453,0.15211242837902197,0.027012964386050498,0.02099673949773692,-0.18709242884933597,0.028650682325107986,-0.10348717255111634,0.5758453500036469
278,-0.031174375565278727,-0.3217013652483479,-0.20867262370338022,-0.3216203105621135,0.24281986903273947,-0.05801502351083742,-0.026626650916982495,-0.23030033659185237,0.01180909561464651,-0.18409163287343366,0.5758453500036469
279,0.20265430276275015,-0.15377719145779645,-0.03129063549005765,-0.3268776257894839,0.17240205582803456,-0.0169560939459132,-0.00010358970371254967,-0.23665893043620295,-0.02359398566369147,-0.040800344677892314,0.5758453500036469
280,0.124622687691978,-0.2550346482389225,-0.1109477299558916,-0.18562102202342834,0.23418642751320218,0.0887893896421317,0.06953058997502325,-0.1698528797339341,0.13876555182063346,-0.07328492216352148,0.5758453500036469
281,-0.028733814809545708,-0.3211980992737935,-0.17280575322452021,-0.1337632423233775,0.21761054508453323,0.1170520891518621,0.08591031426971739,-0.14403372383413385,0.1906166199082438,-0.14916465543918153,0.5758453500036469
282,0.1950692689163912,-0.2332587623060553,-0.18315407754913576,-0.04290824729350105,0.2420171667464036,0.11932013200266273,0.09527277315848814,-0.09024099523816217,0.20945588955794456,-0.016194053856260573,0.5758453500036469
283,-0.15323293170768104,-0.25420735317682047,-0.08447375068897091,-0.14979172893563059,0.11825066769650923,0.08137124123920424,0.0535214601905022,-0.13119868904491513,0.10953583239447531,-0.17564524050732336,0.5758453500036469
284,-0.09872856733778156,-0.3238190371159272,-0.25538276467821164,-0.00014503992094196274,0.1875137549724019,0.13125477110123718,0.09668375386922368,-0.06310860912145287,0.24188673307089106,-0.15784379957691305,0.5758453500036469
285,-0.017441821747080897,-0.043029725502127,-0.0031548416516116867,-0.04462888151545457,0.023613086706026545,0.011530215758051512,0.007374440763411948,-0.033928067974748524,0.011014358502889933,-0.029401657292579614,0.5758453500036469
286,0.28554382124264566,0.0762150591329252,-0.061033581033824426,0.1861969103061308,0.05366597690376085,0.05271358366378039,0.04691357631786413,0.09833726908275522,0.10068656103873286,0.16867900279704148,0.5758453500036469
287,0.3021118642211631,-0.17952258209924998,-0.02153346349972338,-0.14830865091794426,0.24085119995758308,0.14727266172342213,0.10919571880951302,-0.15520406569963419,0.17223934731837848,0.03170033399597437,0.5758453500036469
288,0.36401669153905125,-0.15446336038976047,-0.1398936472312899,0.041961314137628165,0.24440917715822427,0.16552435440771443,0.12881541232824456,-0.04449897077770803,0.2504813965993515,0.09307375331831544,0.5758453500036469
289,0.13986516712110572,-0.11230082194272197,0.03516920335699549,-0.16125998320777152,0.13294814623867668,0.07462845762991918,0.05280371565644452,-0.13237380132650528,0.06434920569300137,-0.009559554496393,0.5758453500036469
290,-0.07576283001206206,-0.06511149361778235,-0.15994880847176532,0.13627884978328098,0.013916218471243639,0.019192520595373443,0.018012165282763636,0.07232725697692334,0.08828672574747513,-0.03470031229754762,0.5758453500036469
291,0.2946527213283849,-0.2420107644698864,-0.14261843659528017,-0.05618808841192005,0.2796469498947502,0.1797435944948963,0.13640884585883992,-0.11458514145935517,0.25981986138536906,0.018737866985284644,0.5758453500036469
292,0.25819571733057217,-0.1870560869058364,-0.23819242437748692,0.12970368048566383,0.22520806920186104,0.15904172668011154,0.1257984252230633,0.00957990206002017,0.2829553026854486,0.051552188877137514,0.5758453500036469
293,0.3034813848852296,-0.0025571593636061108,0.07110685984203124,-0.07621790478640837,0.11855766617502678,0.0738415703480028,0.0555605778947839,-0.0740071348156643,0.059137486319773724,0.10859427525085077,0.5758453500036469
294,0.06752873455682541,-0.23517106397943002,-0.10436955865258445,-0.11590230792588453,0.18924615440769194,0.11400606902208563,0.08355400187241416,-0.12625151832255369,0.16220603243086995,-0.07753950100295567,0.5758453500036469
295,0.1833113879726652,0.08260350539786246,0.04113447136848981,0.049477655300755104,0.012312503003019087,0.013859936038600886,0.012964631711861204,0.029710320857825878,0.007630614490312843,0.11073204685269562,0.5758453500036469
296,0.37736284010674603,-0.10168383419824166,-0.02043503480499498,-0.05830721005363919,0.21465690395754428,0.13831913642752164,0.10539753610676576,-0.09258859538632228,0.16908748398066517,0.10358098985274584,0.5758453500036469
297,-0.014961819133081334,-0.028880156365099156,-0.00287959614897056,-0.02916700735283467,0.014595904689993972,0.006956632433764789,0.004360202884129924,-0.022001804118266508,0.00676727134131001,-0.020913039906560144,0.5758453500036469
298,0.31345054525477134,0.0710484236803512,-0.05223059071393198,0.17070745770488682,0.06808561916098302,0.061100933007796863,0.05299241151827374,0.08548819354082912,0.10655219234603398,0.17560362668456758,0.5758453500036469
299,0.11881220539884997,-0.11502331510740632,0.030298998876578886,-0.15926425704751074,0.12676719080147933,0.07056539449876205,0.049659151870520446,-0.12980420448941915,0.061214782095881874,-0.018648436314252424,0.5758453500036469
300,-0.05652406699395259,-0.04140930543943108,-0.15585156551774695,0.15839547129432058,0.004616744006662707,0.0151451670547052,0.01568198227102911,0.08865749495967659,0.08401029054815706,-0.015035204309977204,0.5758453500036469
301,0.2990628546935796,-0.014878594120657196,0.0703383073582605,-0.0891363757004155,0.12554075834505257,0.07728156197362908,0.057776470888348204,-0.08385848114886214,0.06240201433837584,0.10038386812396832,0.5758453500036469
302,0.036180443293916315,-0.233907910563424,-0.11392982827003882,-0.10396442861402044,0.17625257517814566,0.10622140777838128,0.07781151546751945,-0.11601279936942299,0.1570027000508176,-0.08779814847656292,0.5758453500036469
303,0.20429783307307595,0.08243665465219144,0.046051461008384836,0.04421834087202114,0.02050400701465583,0.01896260564621549,0.016804331849610533,0.0246013828377292,0.011716777075178219,0.118246948972179,0.5758453500036469
304,0.3611963309649637,-0.11985140035740519,-0.024004501423195018,-0.07478747642926621,0.22123664023028466,0.14108937839548788,0.10693714801252552,-0.10469464766946494,0.17214708588844607,0.08801183050900292,0.5758453500036469
305,-0.009111391295605972,-0.014427820645267144,-0.0018217942729412677,-0.014175697060177433,0.006662034045708403,0.003082136648809918,0.0018819596021731441,-0.010604601593206957,0.0030664084675563665,-0.011040747157756587,0.5758453500036469
306,0.3381379874652675,0.06338330548704908,-0.04421933435446469,0.15328258138778336,0.08302562712607735,0.06963639412857547,0.0591101302251572,0.07126246677000726,0.11268552124664055,0.18003925583177893,0.5758453500036469
307,0.09797878355670506,-0.11606280654800334,0.025443870769807985,-0.15541121374162198,0.11948467498907411,0.06594020893966933,0.04614240764918849,-0.1257982191320244,0.05756070589319068,-0.02675498662590342,0.5758453500036469
308,-0.03240059528335101,-0.018612347778915045,-0.1502134102157968,0.1777998093818736,-0.0021581400402446676,0.012566226450871396,0.0144160302712676,0.1027378581769409,0.08076082575480349,0.00584148923959308,0.5758453500036469
309,0.006489030196462821,-0.2297278570470438,-0.12320055309862438,-0.08906856734643472,0.16184017806178078,0.09777249086305208,0.07165892128920917,-0.10355873087494623,0.15116385890244025,-0.09588494474698464,0.5758453500036469
310,0.29226323778030305,-0.027202641948539268,0.0690123464679283,-0.10148258760679503,0.1316096382279472,0.08015048401450317,0.059561990858718675,-0.09314922719503461,0.06521012488676284,0.09130927658023477,0.5758453500036469
311,0.0009668013878970872,-0.2521325603952617,-0.12847072195287204,-0.21734736854423248,0.04863740709193491,0.14318870382366938,0.10563494931461406,-0.2237319302616468,0.1424031634555354,-0.16939476271380957,0.5758453500036469
312,-0.1854289845149848,-0.21396876293535547,-0.11130628194773348,-0.10119620571277933,0.07802257187458664,0.040493543380697154,0.026776503596904044,-0.0888312792042291,0.07676256858579524,-0.1679903176569584,0.5758453500036469
313,-0.1233910825240268,-0.2328101310102778,-0.16342415744115293,-0.14627034746093762,0.14998492436121608,0.21409402943039166,0.13131676990385474,-0.16911920166103422,0.15561854836540306,-0.18292145425064482,0.5758453500036469
314,-0.03606722350398792,-0.23619990971366603,-0.2498642789551227,0.06997380462252925,0.14773397842763275,0.10098253524691944,0.0783858155091179,-0.008107201954399009,0.2111322225468052,-0.09225855044295268,0.5758453500036469
315,0.3420863228172489,-0.13748066959476668,-0.028501993553690246,-0.08964198420854377,0.22630014605175464,0.14297735493383332,0.10783717976927497,-0.11545158028093996,0.1745900351910748,0.07170864912462181,0.5758453500036469
316,0.22395145019812515,0.08045219994511665,0.05069563403289833,0.03721787315416237,0.029463621293450336,0.02440912037634028,0.02084763486017238,0.018200218288340484,0.016153716908946302,0.12430391933429132,0.5758453500036469
317,0.3593503683777793,0.05347002479937689,-0.037095172573165955,0.13430839021464241,0.09821060414711687,0.07816991719303933,0.06516247234825213,0.05596537003091573,0.11897084722311443,0.1820332798385808,0.5758453500036469
318,0.0,0.0,0.0,0.0,0.0,0.0,0.0,0.0,0.0,0.0,0.5758453500036469
319,0.40992383465177434,-0.03858202751453883,-0.019786036808045353,0.012951329240081988,0.1826053251583984,0.12361971446433022,0.09646424399533131,-0.04010832444577338,0.15744573369335035,0.1503096084815738,0.5758453500036469
320,0.3493097329988588,-0.029693424212556697,-0.16396986499114097,0.21110857713915024,0.1504725836194791,0.11810765379370812,0.09758782261249081,0.08330289691933865,0.21613754732043988,0.15813031460637658,0.5758453500036469
321,0.07773947338554278,0.060962049290228956,0.050199277646028315,0.04269483921353209,0.03715783519556807,0.18881440731244067,-0.09520068297031564,0.031654213857828184,-0.07365148627160248,-0.1090885649935468,0.5758453500036469
322,0.07773947338554278,0.060962049290228956,0.050199277646028315,0.04269483921353209,0.03715783519556807,-0.13933001344744833,-0.033160139824245316,-0.03725638558624851,0.11997560144597072,-0.16354285497808818,0.5758453500036469
323,0.07773947338554278,0.060962049290228956,0.050199277646028315,-0.1313156043880149,-0.013676749779168391,0.15107188098145072,0.07011671727675269,0.046500166511410986,-0.09578212218886979,-0.09868161446861203,0.5758453500036469
324,0.07773947338554278,0.060962049290228956,-0.12490557791975147,0.0007817692968265095,0.16331285223665548,0.07234341799006236,0.04744359540391967,0.035456191505431355,0.028356322281315106,0.13017537388869324,0.5758453500036469
325,0.07773947338554278,0.060962049290228956,-0.12490557791975147,0.0007817692968265095,0.0007796874869478265,-0.1622096201467434,0.07392091727468007,-0.1145982544778022,-0.06086485462621368,-0.06744065408915202,0.5758453500036469
326,0.07773947338554278,-0.11534689614777478,0.02068995198819199,0.019309894240873517,0.1771282606007098,-0.09661909144768305,0.027868164579253854,0.023308813429188696,-0.12156497212362707,0.03958900279764524,0.5758453500036469
327,0.07773947338554278,-0.11534689614777478,0.02068995198819199,0.019309894240873517,0.01810323235431016,-0.15134997411775294,-0.06552687208569455,0.09059166730786906,-0.13474324257716744,-0.06696291695968282,0.5758453500036469
328,0.07773947338554278,-0.11534689614777478,-0.1486982624700351,0.11376625210044852,0.061529890433067815,0.042640868314559925,0.0327307264505426,0.02659652313914389,-0.12161204053391404,0.04415443679960783,0.5758453500036469
329,-0.0996936479769602,0.049671762277094425,0.042314046622031795,0.19193604692126257,0.07669400660861027,-0.11402344954739686,-0.0341646162840466,-0.043185692260318896,-0.056074241651974485,0.049277981381902994,0.5758453500036469
330,-0.0996936479769602,0.049671762277094425,0.042314046622031795,0.036869862391034125,0.032675901531942074,0.029344376706359334,-0.14423102252225947,0.12455859328817882,0.13510652198249068,-0.08042531822749194,0.5758453500036469
331,-0.0996936479769602,0.049671762277094425,0.042314046622031795,0.036869862391034125,-0.1395095391893972,-0.03361553464836908,-0.03782954089436067,-0.18108452527164692,0.08679162186403654,-0.024897014312875953,0.5758453500036469
332,-0.0996936479769602,0.049671762277094425,-0.13163487249627046,0.15100451699150688,0.07010376369167051,0.046494611747605316,0.03492959922026922,0.02802078372204783,-0.12159171528442432,0.04606441719244359,0.5758453500036469
333,-0.0996936479769602,0.049671762277094425,-0.13163487249627046,-0.014422135541285613,-0.01516078677012121,-0.01597866134818498,-0.17193204381645572,-0.1203102178677988,0.05213812943136325,-0.036655721434287955,0.5758453500036469
334,-0.0996936479769602,-0.12536330175412733,-0.00021964122472734355,-0.00021980600877453908,-0.0002199710402455121,-0.0002201363196979161,0.16250936255895698,0.07220469864778664,-0.11495255093902695,0.08962332362004508,0.5758453500036469
335,-0.0996936479769602,-0.12536330175412733,-0.16282036482685505,0.07175733530856936,0.047197465526511655,0.03532016593573033,0.028269850954914154,0.023587868577205708,0.10299590384037934,-0.07596712751394742,0.5758453500036469
336,0.05564407872270951,0.16228913705568718,-0.07858485891657888,0.28849176282091493,-0.09468927851808429,-0.03757529035953626,-0.01996103733128723,0.19906833028549317,0.006268109867708483,0.12419747419254802,0.5758453500036469
337,-0.03445622180966171,0.004248544941012381,-0.25990279590759474,0.3494973594183179,-0.021194428667142474,0.014019802407840634,0.020401458281118334,0.20821770402675455,0.13412706338437175,0.03831177788265708,0.5758453500036469
338,0.15596213677177267,0.05807620519076278,-0.13742492241373025,0.2589663925928253,0.015683555564154142,0.032610195391527576,0.0330033410511049,0.14914989183778682,0.10808328819460544,0.1209466055212032,0.5758453500036469
339,0.14311249631326095,0.20416138267343112,-0.13666853485333055,0.4186475593950419,-0.0920712503081873,-0.024502534698454793,-0.005838053440162571,0.275977298858298,0.052943271706802374,0.1933191300273364,0.5758453500036469
340,0.28044722036702924,0.19329809402599452,-0.105396377928101,0.37462956865139974,-0.031602195590029046,0.012564732600449881,0.02180306047808294,0.2347734059498909,0.0835747453467669,0.2374699042089256,0.5758453500036469
341,0.17038457347737854,0.1620836016558111,-0.22674354272325264,0.49438903972405884,-0.05383901095162126,0.006646225912767362,0.020102574931676307,0.3082497964636102,0.12721203618988786,0.19939560637313541,0.5758453500036469
342,0.24671146748652317,0.13713157808065324,-0.045319440369779,0.22982467915163596,-0.00368887397891065,0.018654953823039885,0.02210296438065322,0.1410173319946925,0.0581433250048322,0.18225038585882794,0.5758453500036469
343,0.34655443782901896,0.12485709103804211,-0.1669217213022678,0.3858280319190901,0.04052004492506483,0.06088514322568069,0.05914919519153501,0.21982210228479354,0.1634357794564823,0.23983635562074954,0.5758453500036469
