,0,1,2,3,4,tau
0,-0.02583237754608807,-0.006530245076967888,0.09121243572032332,0.21611885407932224,-0.0808695353636251,0.5758453500036469
1,0.20695435569130247,0.04335932563856147,0.14343475249424323,0.2890368675195741,-0.023879731156842908,0.5758453500036469
2,-0.2675821899069346,-0.05848801120060515,0.05135277987894264,0.17361404103873357,-0.15109886481929174,0.5758453500036469
3,0.08944777384765829,0.10267088242185927,0.22910257535275858,0.44077210063773975,-0.09405393738104326,0.5758453500036469
4,0.29676253895963556,0.06362055899892953,0.06461799942027739,0.08843609511319564,0.07415543610633238,0.5758453500036469
5,-0.268097199350479,-0.05758637431137501,-0.04752882337430355,-0.054822257607549885,-0.07532824962022687,0.5758453500036469
6,-0.48246076047754394,-0.019810312587171638,0.03377906874835489,0.10720971391882554,-0.18287423525910948,0.5758453500036469
7,-0.09761780557345374,0.031093073743440204,0.17861110409694325,0.3884191622072333,-0.14977162737491231,0.5758453500036469
8,-0.030233773129347663,0.1904834248238974,0.29649519579548206,0.5270580135091015,-0.13607434848944966,0.5758453500036469
9,0.4231649262842178,0.17371963532612347,0.16038928826413762,0.2150551147223923,0.09696386766239837,0.5758453500036469
10,0.07163838127243438,0.015611545538798862,-0.009147442425989668,-0.035846701785327006,0.03691729890496288,0.5758453500036469
11,-0.011507018554698146,-0.0022285516678431953,-0.02576673029638133,-0.057191920081810815,0.014999625042597007,0.5758453500036469
12,-0.26921187468096613,0.0424327751386822,-0.1028246417329905,-0.2643305354482288,0.018711105357228357,0.5758453500036469
13,-0.46944990588945573,-0.01251057123633259,-0.045214064909471864,-0.08105314069682716,-0.11482806352142709,0.5758453500036469
14,-0.6336184360770186,0.0641547688389803,0.03335896525908439,0.04135255841252612,-0.184728695359408,0.5758453500036469
15,-0.04429612461803703,-0.022193384977354354,0.07165468416989963,0.18445596603226952,-0.07973329676299763,0.5758453500036469
16,-0.3022488851971822,0.03511938654573144,0.14270628276928674,0.3080002176162075,-0.18251956635812286,0.5758453500036469
17,-0.1736528571037603,0.12341817468039391,0.2544578721296545,0.48927626822402703,-0.18261211239558023,0.5758453500036469
18,-0.13461724380637294,0.2745595078472054,0.34175140554005823,0.5650212786693267,-0.15849818872586582,0.5758453500036469
19,0.3328022031476873,0.14284189645185658,0.21362691756032523,0.3654913314897043,0.012740680197297925,0.5758453500036469
20,0.46561818520451453,0.28836235042779035,0.24496702230669112,0.31444936639839843,0.10514778851369695,0.5758453500036469
21,-0.04401670164684747,-0.010296511625163497,0.07435823735856097,0.18089677926674347,-0.07550454879782441,0.5758453500036469
22,0.20401946354401132,0.14765232126090266,-0.027087665568502662,-0.18928365535171235,0.15976547241195607,0.5758453500036469
23,0.1675228732629587,0.10129624695636977,0.1363425904400065,0.22616319568961074,-0.00023565311203102633,0.5758453500036469
24,0.01284135463387479,0.04611122049832045,-0.004689913576889389,-0.049046431518119375,0.03154231304570376,0.5758453500036469
25,-0.26255168417295144,-0.040292467507188505,0.03398821166934518,0.1185350516451035,-0.12682467096021116,0.5758453500036469
26,-0.4746470598794558,0.09810591409339754,0.12142185566598467,0.21191544046248387,-0.18585856986731367,0.5758453500036469
27,-0.24157190557759697,0.21749981924650533,0.3081295611563182,0.5374028677073406,-0.19514545458373778,0.5758453500036469
28,-0.21872647876233411,0.3432635646176532,0.36980042747838,0.5754403085904953,-0.16964375476903626,0.5758453500036469
29,0.10314700793062898,0.136233316214034,0.23089747744459807,0.4169490729734637,-0.07374620205038229,0.5758453500036469
30,0.26525679244165196,0.2708883140551896,0.22892161457944626,0.2973174119445645,0.047326713919036846,0.5758453500036469
31,-0.09471080856600834,0.17085752616924435,-0.06953468273235533,0.013214798388214951,-0.1763640502303038,0.5758453500036469
32,0.18790351243915238,0.14385879997089498,0.09019872185630479,-0.05397436123717275,-0.13650328791848607,0.5758453500036469
33,-0.1391613520620937,0.10454204349446303,0.04344082541700787,-0.17032439248370093,-0.15290094339126634,0.5758453500036469
34,0.11637670854733974,0.2545624420864484,0.10665572290274072,0.03323002524190075,0.08682218731222115,0.5758453500036469
35,0.2555643286693342,0.062158990900321294,0.10618553101514938,-0.12069482052482235,0.027945820859376774,0.5758453500036469
36,-0.1442673073144323,0.005734276995324884,-0.18244675002733662,-0.040943557696148096,0.1713166398834049,0.5758453500036469
37,0.17191127332398176,0.07889629278394304,-0.16889156068972794,-0.049313117446693255,0.18287189759981634,0.5758453500036469
38,-0.0048021150312912335,0.21274324647740875,-0.02789764670436768,-0.23895634702225885,0.13082046217766208,0.5758453500036469
39,-0.0053929724304367255,-0.029196014298133694,0.06356725234050568,0.17052736630064363,-0.06538104205261047,0.5758453500036469
40,-0.19373027520039668,-0.026152665428760498,-0.056965907562951806,-0.10441372565578237,-0.029105174069640857,0.5758453500036469
41,-0.4564358017947194,0.012356196713899353,0.022415607810317935,0.05389650600939812,-0.1495041751617163,0.5758453500036469
42,-0.5955582808455577,0.18300316061940688,0.10768977349729088,0.11381291233711381,-0.16786748291243664,0.5758453500036469
43,0.2615907887111136,0.12957773668988765,0.22373368982921535,0.33152982639533635,0.04807578344577443,0.5758453500036469
44,0.0017332339966226,0.19357443051138834,0.07142185564530941,0.3375694115483159,0.014235078892781307,0.5758453500036469
45,0.19788715965143894,0.20576076699339313,0.14249047351096863,0.4213766861489928,-0.21764856182798908,0.5758453500036469
46,0.2586528203827066,0.1624007990750214,0.1501256496818836,0.47282083548101617,-0.14891411376884048,0.5758453500036469
47,0.000570496257125044,0.29921154952898543,0.21312861641365416,0.3405318494351011,-0.011497667963918013,0.5758453500036469
48,0.18467770884043325,0.260187283709264,0.3553492504664041,0.3720513844967964,-0.07295450220865685,0.5758453500036469
49,0.08171457791185631,0.12649129899481973,0.2986730900689903,0.40055392933664286,-0.2634625181271664,0.5758453500036469
50,0.21575657690924152,0.1313307845783784,0.3741764502769677,0.42934785229611533,-0.0023202633104659654,0.5758453500036469
51,0.13238624637446605,0.014436069659686896,0.1726779180457468,0.5480154515341535,-0.004723236630494762,0.5758453500036469
52,-0.03680746919723785,0.15895943794682252,0.35619222086594343,0.3926328232616197,-0.14958500826291055,0.5758453500036469
53,-0.07708619438942778,0.05719741652312458,0.2890116772350438,0.4543647246369019,-0.08489488932183975,0.5758453500036469
54,0.19071010783816672,0.13889045185848592,0.3585322798462796,0.5037591893418288,-0.12702552173214973,0.5758453500036469
55,0.12709689460690876,0.2659266470920744,0.315369275121395,0.5136353734415721,-0.0885264693011229,0.5758453500036469
56,0.005201978347106923,0.20201688803378667,0.304042252588391,0.5339938136971104,-0.12503693310366049,0.5758453500036469
57,-0.15649923299629268,0.0960787982816338,-0.05187419755060698,0.13045978810828637,0.049489542486549076,0.5758453500036469
58,-0.06972510030617637,0.024292639835716046,-0.2555533029805663,-0.07480810241123667,-0.23885857423840914,0.5758453500036469
59,-0.2046117567357881,0.20346419206606997,-0.0057671223821054605,-0.2066922392327519,-0.195456748936511,0.5758453500036469
60,-0.032450712441380626,0.3190363526079286,-0.061598555829077806,-0.18238606210085162,-0.19974844015835597,0.5758453500036469
61,-0.18472110583565485,0.21832766938172482,0.133102150188901,0.07823670256157232,-0.2716852896582893,0.5758453500036469
62,-0.08426162341519197,0.25704807300208504,-0.10272596293118606,-0.11079574566596417,-0.36774439651126123,0.5758453500036469
63,-0.24737508160888982,0.2703672262252523,-0.05465113528277466,0.10600978363862826,-0.3090152248143926,0.5758453500036469
64,0.3037172500320332,0.02623508426557935,-0.08319300689793654,0.04953562940490542,-0.14960787074964604,0.5758453500036469
65,0.14795004456557614,0.38127231452938776,0.07797067117685465,-0.11574788401412718,-0.1358214009259686,0.5758453500036469
66,0.26564353956084114,0.28816690242291787,0.2029911396764751,-0.01119768625007863,-0.2627094083131097,0.5758453500036469
67,0.05944701160889623,0.1708312837679895,-0.05672958983654937,-0.24775189933186564,-0.23247856132374234,0.5758453500036469
68,-0.35090991201578864,0.18397981450997294,-0.04071229298181458,-0.11763992276218406,-0.10033504667296303,0.5758453500036469
69,-0.29648625475494056,0.2038504676773577,0.11745688279224252,-0.18966963865474093,-0.28426938102787186,0.5758453500036469
70,-0.09310602342838284,-0.05246449855337761,-0.11017005738445797,-0.25219960941820674,-0.1580982001302882,0.5758453500036469
71,-0.21535841834437444,-0.021984465250296906,-0.2894323910043059,-0.1455882310786128,-0.05752358018126737,0.5758453500036469
72,-0.010229987847176082,-0.20288335914565467,-0.2643126065838462,0.0029971592032775165,-0.24261897719392217,0.5758453500036469
73,-0.003558324947640109,0.14323769370485867,-0.3949650382870149,-0.1947980489450911,-0.18233851436630755,0.5758453500036469
74,-0.1490208550313946,-0.048217175984109635,-0.41243034139028983,-0.12508184955063173,-0.34339340025792064,0.5758453500036469
75,-0.18917997262044184,-0.2464384984813261,-0.15157578202823227,-0.13052639367876653,-0.1335062985252102,0.5758453500036469
76,-0.18405368415740506,0.13610907587963159,-0.11144362220337323,-0.34988183311070375,-0.07009042044291965,0.5758453500036469
77,-0.17278161058373065,-0.04959237742388254,-0.008803566920489846,-0.44883612469173395,-0.1760681890685525,0.5758453500036469
78,-0.1204899098401708,-0.3292104026921139,-0.19278680357227046,-0.19606403966184605,-0.31525447363969267,0.5758453500036469
79,-0.3133104893059895,-0.3988120461718796,-0.21518520007200742,-0.11962965638289869,-0.1939727310007167,0.5758453500036469
80,-0.009160000812962935,-0.43633604295016376,-0.18568438169523224,-0.06757615505550393,-0.3048586813319231,0.5758453500036469
81,-0.032471534348090456,-0.42559412569054145,-0.2500501748432306,-0.25572558501326764,-0.40293263105921934,0.5758453500036469
82,0.12343857596766057,-0.3848296159627007,-0.1702535704010125,-0.12411172805211682,-0.41499800117360774,0.5758453500036469
83,0.06875563028727728,-0.549011774656456,-0.20695226885120588,-0.018367351646753658,-0.3895243555950554,0.5758453500036469
84,0.12526848232129295,-0.42048173888395507,-0.12315009220283059,0.010413261504909632,-0.49925725222400824,0.5758453500036469
85,0.25271364027080295,-0.4124020005832053,-0.1706941177160211,-0.12034915537574929,-0.5011206369535054,0.5758453500036469
86,0.2686360053270079,-0.41170025603075683,-0.11729514890651928,0.0035839404785288037,-0.5227078836960589,0.5758453500036469
87,0.3573674488064865,-0.41689024842857403,-0.16131730871368552,-0.1071943633726476,-0.5552578046131131,0.5758453500036469
88,0.031581377930877653,-0.2683470588451475,-0.044151913800913135,0.11800578684373647,-0.09670273657108101,0.5758453500036469
89,0.20078916433965716,-0.11674629768324672,0.09269356514826892,0.3039383882991578,-0.07056472221247144,0.5758453500036469
90,0.07183381088385735,-0.02855234685262526,-0.02251965582577289,-0.030350093993995457,0.024139931850090716,0.5758453500036469
91,-0.10253704737136807,0.08151098271043951,-0.09949515867363055,-0.29331931463803257,0.08725981112171871,0.5758453500036469
92,-0.53992915329806,0.11374642541531214,0.048433425507582686,0.01234662322119223,-0.2910702870127144,0.5758453500036469
93,-0.5161019641562742,0.17746107297288924,-0.08580518301987589,0.0441409029768265,-0.17411490272970534,0.5758453500036469
94,-0.45729312663625826,-0.08114020235690998,-0.1016338094302403,0.07174432396853359,-0.291538125618695,0.5758453500036469
95,-0.6225466473900719,0.028587524655348757,0.03324244847143443,0.012923232786844263,-0.04942392497203985,0.5758453500036469
96,-0.39889973527977973,-0.032504010570115115,-0.07298343632271653,-0.13049171108270233,-0.08260717759593933,0.5758453500036469
97,0.010822801235159775,0.036872840804414865,0.09864514437490766,0.19656605670346144,-0.05274689103674877,0.5758453500036469
98,0.2867154668722825,0.08074139557626091,0.05692756812610943,0.05692908246744187,0.08590005269667439,0.5758453500036469
99,0.11442885431161529,0.13987144871630525,-0.029904756722479744,-0.18693614244805914,0.13060280101457736,0.5758453500036469
100,-0.042003834255536575,0.24690824447695764,-0.0906292448826716,-0.410482959437841,0.1851991650767747,0.5758453500036469
101,0.1425755662831998,0.2753215811761794,-0.03937192467093094,-0.32082393909519286,0.21705637369234165,0.5758453500036469
102,-0.004911449846038853,0.4063249013388648,-0.053383070800529536,-0.4567375671894776,0.25123067720555575,0.5758453500036469
103,0.11176850120674481,0.1706317016515402,0.005204363855385705,-0.13129303351136426,0.1190498971472722,0.5758453500036469
104,0.2706936142842605,0.36922227265119095,0.04185405344594195,-0.21443464258096057,0.24303524914429755,0.5758453500036469
105,0.1362303095683712,0.42112657076503895,-0.013338626533720298,-0.38053025584033057,0.2713294977180946,0.5758453500036469
106,0.01468190824212887,0.5334654132558311,-0.009476741781985126,-0.46065207885116644,0.29001757949429835,0.5758453500036469
107,0.11985030242294073,0.539518442347086,0.020190769613149435,-0.4001714072686723,0.30252783163368435,0.5758453500036469
108,0.023833968115547884,0.6268732530605481,0.030385673555627993,-0.44587151930866004,0.31111520375150536,0.5758453500036469
109,0.1559569531345878,0.05540004277016896,0.14939263211809886,0.29425028299915523,-0.03765744892204254,0.5758453500036469
110,0.22430596006220088,0.1766097946892084,0.2767080310620548,0.4859604560684693,-0.0507832822292488,0.5758453500036469
111,0.38879308602870233,0.25460945880445673,0.2781908974844498,0.42079117464007154,0.03881520700309572,0.5758453500036469
112,0.46316644139343793,0.3820121126232079,0.3081491384119126,0.38304887815126554,0.10504647591707114,0.5758453500036469
113,0.17307973336955354,0.0360062698147137,0.14493447477557952,0.2994562369570208,-0.039164883499240626,0.5758453500036469
114,-0.25813869150145086,0.052779815443327396,0.028288853529138694,0.028798619373892876,-0.07257537245669037,0.5758453500036469
115,0.23861370631524623,0.0833345385740065,0.06972916601986695,0.08558816607125534,0.0628517187836747,0.5758453500036469
116,-0.07160576667968271,0.06039643069098438,0.09652751833064421,0.17460168151293295,-0.06393250249100302,0.5758453500036469
117,0.27652440378631477,0.15075471637494078,0.21396443529219067,0.36129824003783095,-0.0005079956942572682,0.5758453500036469
118,0.29637284520781765,0.26850319484863194,0.32093547200392253,0.5103240702925064,-0.014668397659589678,0.5758453500036469
119,0.4462362223022156,0.35755728561541994,0.3744305618535642,0.2884520509146098,0.08636774073200648,0.5758453500036469
120,0.5359699474038231,0.3698877461006941,0.2768993992989694,0.43412733625592687,0.07285037277776976,0.5758453500036469
121,0.4542790165053104,0.38636139636657674,0.3493666421416118,0.41994928964071476,0.014281147744681954,0.5758453500036469
122,0.377902761845926,0.45589005481579187,0.3073300000512913,0.38815433824602186,0.08715143383279983,0.5758453500036469
123,0.4494780954736998,0.3597421371205258,0.3914244407377444,0.41997082997532476,0.14390085990079005,0.5758453500036469
124,0.4432709801313881,0.4517339786960833,0.35244486628180516,0.42829615978290864,0.101567479278783,0.5758453500036469
125,0.41462027873381674,0.17487100873183817,0.1479802477938756,0.1857654487318953,0.104434707763403,0.5758453500036469
126,0.3365196892801562,0.22321243186801934,0.058000996522483236,-0.059045327927973935,0.17456110324676136,0.5758453500036469
127,0.35445200198709703,0.15658265889421807,0.21337144524258916,0.3530205035784563,0.02669021378104857,0.5758453500036469
128,0.49101927410232993,0.2848868605831889,0.22805811188597086,0.2776752094407124,0.12396467001416803,0.5758453500036469
129,0.4302789253196016,0.26091997886529655,0.2693206070963545,0.39404801169028353,0.061496241888031,0.5758453500036469
130,0.5086779075905781,0.37714045111853123,0.2902946369252925,0.34469687655088743,0.1299739948554235,0.5758453500036469
131,0.309087770607891,0.16191033577477426,0.21722475576938374,0.3587511022326894,0.01272975007445847,0.5758453500036469
132,0.3561663427737813,0.28306078409090757,0.31794179934235095,0.48983737303561137,0.01339992137300653,0.5758453500036469
133,0.3672466691864018,0.1793609927172224,0.14755862767638886,0.18239471789214726,0.09268817469488647,0.5758453500036469
134,0.11290784562897954,0.11495384277625947,0.16297342191380237,0.2777529788938187,-0.030045871388697378,0.5758453500036469
135,0.48375659152116324,0.2851692105333117,0.21826326149197195,0.25508491712175907,0.12937719258412364,0.5758453500036469
136,0.433566308401893,0.3019417325376457,0.13775024132199212,0.05725816444007148,0.18429990179153816,0.5758453500036469
137,0.4862861246608437,0.385474128547455,0.21693117549718782,0.16951280503508423,0.18349428542465465,0.5758453500036469
138,0.4636133114233894,0.44550073259427153,0.16938020788195932,0.011294794808553929,0.24420073435922807,0.5758453500036469
139,0.43318871929358,0.3261650404023278,0.243350824787204,0.2805426225291865,0.11623867889919692,0.5758453500036469
140,0.49272755731855644,0.46352528517559327,0.27862289406272855,0.24725765700749752,0.17909744693011903,0.5758453500036469
141,0.337316922239558,0.20398692519048406,0.16755527614633042,0.20902031424201437,0.08117205114800788,0.5758453500036469
142,0.34458066778249674,0.3112083770307028,0.2842581891322672,0.38945158028644405,0.05026486541853472,0.5758453500036469
143,0.41876528078512365,0.27731675317153004,0.1283101757214075,0.056160301198037485,0.1741539070486063,0.5758453500036469
144,0.176733543084163,0.1410916964990676,0.07734953079128158,0.057354370998774336,0.06834606944068897,0.5758453500036469
145,0.25872525559202864,0.17354931093349898,0.21874095753491873,0.3540488878049059,0.002325023606369375,0.5758453500036469
146,0.23775638974111837,0.3313119690721502,0.326528527634359,0.4731811259527094,-0.003998668657624897,0.5758453500036469
147,0.29366928944592224,0.21897013779162278,0.1534519661803243,0.1654173841336805,0.08647401141612447,0.5758453500036469
148,0.08576521186193634,0.06515514340316708,0.14661418957362105,0.28174649627816983,-0.051799713843949574,0.5758453500036469
149,0.3230048467420399,0.39037067406253567,0.24140310095526424,0.22629091443038368,0.1177050501841228,0.5758453500036469
150,0.2796265898982168,0.3579022522005759,0.13459909929286099,0.008203171888793843,0.16907267812302113,0.5758453500036469
151,0.2634826214468981,0.368118711046368,0.29256676999089043,0.36402203249093434,0.04894625795347443,0.5758453500036469
152,0.2980806530907495,0.5167694524015726,0.30920389494626593,0.27922382255631495,0.12432903910624511,0.5758453500036469
153,0.3784378153205611,0.5110876673495491,0.2677200627286046,0.35988445433495886,0.11993840624707358,0.5758453500036469
154,0.22924470452890322,0.6055934883536287,0.2721029924443354,0.23482228877828115,0.15003003723611874,0.5758453500036469
155,0.255563173004559,0.6015137576308588,0.3561885024482024,0.3189331342171253,0.11975416769590669,0.5758453500036469
156,0.4153286140237696,0.5354571529095574,0.261588648239464,0.2575268335353244,0.10132869141045601,0.5758453500036469
157,0.3635238184938921,0.5595402188752253,0.34997297513067605,0.3507918717687391,0.10437027702201483,0.5758453500036469
158,0.42033576770503417,0.5160886064746705,0.30908217294043533,0.3389533429109507,0.03477176518411774,0.5758453500036469
159,0.43757324742394654,0.4426112681646011,0.21259860359751184,0.3079788455208708,0.08611312263955967,0.5758453500036469
160,0.3969847717075856,0.5705370900466268,0.31893091508175647,0.37183807651489104,0.07359401745621624,0.5758453500036469
161,0.39411294503827604,0.498466252140117,0.29416281587604376,0.4041594938180172,0.029819137388314886,0.5758453500036469
162,0.4114729852249494,0.5315020094744868,0.2915943015015314,0.3389850300044563,0.20590086275464692,0.5758453500036469
163,0.3429244606380832,0.5717610439834069,0.25655330408214316,0.42396088116898767,0.09620107248599186,0.5758453500036469
164,0.3576954973570026,0.4989573069340785,0.21379329996155,0.44539111231958894,0.08466533111883091,0.5758453500036469
165,0.3941446437299037,0.4948468851252863,0.331220783803241,0.4193441928375452,0.15610026350935668,0.5758453500036469
166,0.4060888084956906,0.5766403286447723,0.28381641444444705,0.39921120244958885,0.15007991656566363,0.5758453500036469
167,0.41007843040746517,0.5436412731045742,0.2601386619218739,0.43941827958886176,0.11106649867752434,0.5758453500036469
168,0.16846233402605984,0.6259394074924187,0.30134274445407006,0.31992783453122847,0.11164126960715508,0.5758453500036469
169,0.14676792956051482,0.6835806702985663,0.25484027975888246,0.21313234383599491,0.1588438367204672,0.5758453500036469
170,0.402490551426883,0.5747923180504216,0.3378372867828645,0.41027974914933474,0.0977318924913697,0.5758453500036469
171,0.3231084767529132,0.6230399758647406,0.34017752856651956,0.3196267830823379,0.12046884131105497,0.5758453500036469
172,0.3370145191485356,0.6020180922534163,0.40524323170614285,0.35447388732790297,0.09159089408407861,0.5758453500036469
173,0.31001869841422974,0.5793412764503136,0.41905028029943503,0.40069312102077403,0.06298352116209495,0.5758453500036469
174,0.30952786494088047,0.6350159646263241,0.4404682597490159,0.3626240384941051,0.08188823394336066,0.5758453500036469
175,0.36198694767691236,0.18921114216350832,0.1572709270105951,0.19680857654762543,0.08881573132518475,0.5758453500036469
176,0.09367475013483828,0.10138936893897253,0.14290629766584662,0.24321324794622434,-0.027660043798808855,0.5758453500036469
177,0.4854762119965372,0.14568274087005437,0.07436347467951965,0.32484805276417633,0.07204153245615576,0.5758453500036469
178,0.2200967350877963,0.3288608275653872,0.08107416714837255,0.1213467768685885,0.12398118494497276,0.5758453500036469
179,0.4375671000625864,0.3217465327662803,0.16153507029529865,0.09564546527654968,0.17769920397768588,0.5758453500036469
180,0.4025046913436337,0.11475703367773568,0.12210273741195146,0.45351450762383805,-0.002799899831437385,0.5758453500036469
181,0.5620240986944712,0.1755073751309579,0.05787929193709627,0.4529056290580259,0.05967896904187,0.5758453500036469
182,0.23108058163986692,0.0644612728653758,0.133547395192206,0.3681022448306422,-0.03767123806575869,0.5758453500036469
183,0.3222545498264054,0.1485249133306183,0.18696527029463778,0.5639622382290242,-0.054668447986465675,0.5758453500036469
184,0.2952637889393276,-0.04726753677829676,-0.036035110729978524,0.42104167507791707,-0.06405851447623956,0.5758453500036469
185,0.13273697016256808,0.23905286040497326,0.16207748401754826,0.4453616188277977,-0.0338414154549883,0.5758453500036469
186,0.030963388123776955,0.10985027400345448,0.1706661171658118,0.23827561224248325,-0.042437548218325315,0.5758453500036469
187,0.44063759684831955,0.0436527629140402,-0.00963372720332287,0.3596309844751943,-0.1456366767364961,0.5758453500036469
188,0.35589922918343947,0.11955840887541298,-0.13317199539963975,0.42074108267391025,-0.055761727084510194,0.5758453500036469
189,0.2667461186969404,-0.12231961676183255,-0.1616909687173308,0.31627171152397027,-0.18077139624925284,0.5758453500036469
190,0.4112722008144553,-0.059258258698316475,-0.0507701029917769,0.4738552359321788,0.07822254153333724,0.5758453500036469
191,0.33029502590531773,-0.08906639854479816,-0.1410548881991432,0.5544044761557458,-0.108263970872296,0.5758453500036469
192,0.39977726146230735,0.061632008952779045,0.052627647639987486,0.46518235623389886,-0.2619569624492838,0.5758453500036469
193,0.5340220129028104,0.1573688221766846,0.03946174714085388,0.37350940050684245,-0.20806822570080932,0.5758453500036469
194,0.23940330768549292,0.03587804534837826,0.10864920091368617,0.4752274413423777,-0.2360084430019988,0.5758453500036469
195,0.3705784988106018,0.11922531025942903,0.11520929529104654,0.5523638263812094,-0.32615184272410047,0.5758453500036469
196,0.2248297435852762,0.03917650558461056,0.09062984122736364,0.30662475498385205,-0.10517810172486648,0.5758453500036469
197,0.08682957860544416,0.08927655349581687,0.19785417668715044,0.49726873805659544,-0.19193587078192856,0.5758453500036469
198,0.42791619972346495,0.08286546469074557,0.03337722802248164,0.29733549059291703,-0.15924597642309837,0.5758453500036469
199,0.2952221513601493,0.1605293134562908,0.09392953354806491,0.1526826991922163,0.02659752188487628,0.5758453500036469
200,0.3999714327163762,0.12195589959737009,0.022536307294039982,0.09164528071152335,-0.19589805935759694,0.5758453500036469
201,0.4033597087709952,0.22951209909195056,-0.08803694885658808,0.23817042265227636,-0.12133753170104389,0.5758453500036469
202,0.4679907978573449,0.022262821544108774,-0.08285382679409399,0.3039881616606871,-0.2881011582525268,0.5758453500036469
203,0.5424223664104489,0.09707611508977748,0.042889880785606516,0.284768633147867,-0.008345431499288021,0.5758453500036469
204,0.5541144024867919,0.1670053207982854,0.031472133914726565,0.35056314286508233,-0.21763857812613835,0.5758453500036469
205,0.36245379806619893,0.15360842199540023,0.08145104538238188,0.1496952223535778,-0.3832544110825791,0.5758453500036469
206,0.38399158198936517,0.25225608812581685,0.059153782018023265,-0.057983301708613454,-0.2729565055557187,0.5758453500036469
207,0.25262957415770554,0.10816346427115048,0.13834839505497698,0.29450388763782775,-0.3426773650791568,0.5758453500036469
208,0.3295021278868264,0.2312467738262422,0.15115060298755442,0.21848762940378738,-0.49709869881882285,0.5758453500036469
209,0.18476002885279827,0.06045039403011767,0.11070460532255076,0.22790797244606117,-0.14174199846300767,0.5758453500036469
210,0.14797810205848935,0.14160790105576093,0.21686568521092284,0.42591895786450873,-0.28612332583781536,0.5758453500036469
211,0.2600860237938611,-0.053957773191446394,-0.07057153292729354,0.27904653175220895,-0.2165072944798755,0.5758453500036469
212,0.09896777023083475,0.2556918506729202,0.13475218123110463,0.3204788813299355,-0.06995589765967739,0.5758453500036469
213,0.1415768358745681,0.13234394844219388,0.10348682880338779,0.11595608603131728,0.08202903682270035,0.5758453500036469
214,0.09593938370753882,-0.1119130636713272,-0.056017828137329174,0.40084073522738245,-0.28459663623275766,0.5758453500036469
215,0.3067023110239944,-0.0877375819400522,-0.1790583081765896,0.40083075154840025,-0.3218821872818443,0.5758453500036469
216,0.2678421781548101,0.06977653128709954,-0.18828993949645687,0.3394467440755643,-0.3709061395638326,0.5758453500036469
217,0.22374352410385714,-0.11816524360349666,-0.1336483968243753,0.3655990674287648,-0.4574888547080518,0.5758453500036469
218,0.37954369208924804,0.016042805525470345,-0.1461286489946181,0.3784434691005008,-0.41622526645362945,0.5758453500036469
219,0.19212108842358075,-0.0965465985097961,-0.12027593378926986,0.5017171559314156,-0.3628142405657362,0.5758453500036469
220,0.2731346497171603,-0.2021721538081177,-0.15744446671367632,0.4263030806209567,-0.4231432688643673,0.5758453500036469
221,0.3770080600432025,-0.043820357618485566,-0.27573851741065675,0.45901095700260897,-0.2404797981539425,0.5758453500036469
222,0.26550136162491966,-0.15749859106429784,-0.29536292184000995,0.47242930624707563,-0.32027754011181186,0.5758453500036469
223,0.33618335320102666,-0.06484278693148758,-0.21509333045619553,0.5142443305118833,-0.3973178648647447,0.5758453500036469
224,0.1343586949577816,0.08206816018638771,-0.07530775168989857,0.41133068837411,-0.3701712504498377,0.5758453500036469
225,0.26215297734884674,0.23906135503282014,-0.15595994316934603,0.3477652715307523,-0.40134642295274403,0.5758453500036469
226,0.15819762342332558,0.23043340607565937,-0.06319281635930374,0.4350337485648003,-0.40897912714253254,0.5758453500036469
227,0.26185698337296776,0.37735606331394084,-0.101080111476498,0.37701854807704654,-0.4018061048559723,0.5758453500036469
228,0.15662374433465465,0.13810089184659188,0.02321087235401616,0.4090623573562648,-0.2771525377975139,0.5758453500036469
229,0.08045368085528944,0.2743328851713922,0.036147762859391384,0.5113908076598978,-0.39707243516638985,0.5758453500036469
230,0.2737612894140949,0.22393252142410427,-0.03336845602963817,0.2753706069692727,-0.21964588584426667,0.5758453500036469
231,0.15534041053602796,0.13234614287538346,0.1544850800743218,0.3797696642730567,-0.10652181311942262,0.5758453500036469
232,0.23854910197716053,0.346261775732965,-0.08504657314468579,0.3166405093449616,-0.35107071265271106,0.5758453500036469
233,0.3422881452483222,0.39234477058625294,-0.060000482819412136,0.19038733170861522,-0.19517568485419007,0.5758453500036469
234,0.3824105680664723,0.3775401989538679,-0.18534675059938405,0.2689974704405566,-0.27094612794578893,0.5758453500036469
235,0.24496781416646293,0.4659357157384948,-0.06839505868377403,0.10535660871297584,-0.0655632315345425,0.5758453500036469
236,0.35501850059851586,0.5558853123439226,-0.04647272693696101,0.16606799418520266,-0.1872092129258809,0.5758453500036469
237,0.3335083932115424,0.342578612616474,-0.12613222853086112,0.38893722524081525,-0.30968054001647166,0.5758453500036469
238,0.3903017557303017,0.4216071330444511,-0.24737959101820664,0.3505792495095251,-0.33685206388524175,0.5758453500036469
239,0.304630044342933,0.06516059787145542,0.0806396255810812,0.12385150235373772,0.06512600133306597,0.5758453500036469
240,0.020890936880003066,0.09018846221372828,0.21934287900622354,0.4304229302790982,-0.11397322006121527,0.5758453500036469
241,0.11293537750618673,0.0245407643642591,-0.0075611644940754355,-0.040657010815812626,0.052927675268184524,0.5758453500036469
242,0.4011983977857383,0.1674707230586352,0.1826739928668406,0.2721073664682862,0.07001605692639917,0.5758453500036469
243,-0.05387829451147133,-0.012253761946949408,0.05689864992321465,0.1425671628831055,-0.06620205901085147,0.5758453500036469
244,0.2760010640549602,0.15970904905000402,-0.004986721865591303,-0.15025788969881426,0.17108681038063536,0.5758453500036469
245,-0.231966415065621,0.06054562048059848,-0.0018829068924478647,-0.047777532673901446,-0.037538164809812126,0.5758453500036469
246,0.13695050015734633,0.028197091121123362,0.14328625657288793,0.30306264993101834,-0.052971640725333655,0.5758453500036469
247,-0.264066924379196,-0.17049804653817205,-0.10493794956186081,-0.0943400378595305,-0.08920147210313552,0.5758453500036469
248,-0.3285737422683355,0.06932881256007002,-0.09232978448469906,-0.26065017996834744,0.006677102344776683,0.5758453500036469
249,-0.04699954013367189,0.07832461553236185,0.20406051187967603,0.40682936370960865,-0.1291527092392109,0.5758453500036469
250,0.304761019941028,0.06503264165058274,0.09589620933701268,0.1590866912702006,0.05345673689113273,0.5758453500036469
251,-0.46564426890019484,-0.15266573854363735,-0.06885437062027866,-0.020410263501357044,-0.16875219958355692,0.5758453500036469
252,-0.3271081334872303,-0.36317797837297433,-0.1538585626729272,-0.046925703512663904,-0.17157179253761987,0.5758453500036469
253,0.15441608812922608,0.0334688156189307,-0.001977194852366503,-0.03626528713383877,0.0659426757145434,0.5758453500036469
254,0.3684104446945223,0.1594257960809607,0.20144921355893353,0.32284860256441206,0.04151751060057984,0.5758453500036469
255,-0.1533725068583583,-0.46361693191875586,-0.1889374187490947,-0.049893148427365024,-0.1443546250738211,0.5758453500036469
256,-0.35693342537433387,-0.5137827757467903,-0.22256760931035818,-0.08056527225922396,-0.20678594901503866,0.5758453500036469
257,-0.23642059665115334,-0.5211551453350635,-0.2760257032956134,0.0492595541107142,-0.21602128004636592,0.5758453500036469
258,-0.06119881553075421,-0.37442853300535905,-0.28422032872774117,-0.14877926625934934,-0.04611172027694502,0.5758453500036469
259,0.030010218394901624,-0.530395624696275,-0.2053403264698522,-0.03777916836195197,-0.11089330282087785,0.5758453500036469
260,-0.39575343161664,-0.550662420479481,-0.1892241973590451,0.027586408593809904,-0.26328010213383735,0.5758453500036469
261,-0.35643032621913384,-0.6270822576141988,-0.2567653884528918,-0.06621605601803339,-0.23964710198637124,0.5758453500036469
262,-0.3262733195902849,-0.6392612639393185,-0.21723783052555876,0.03399785556937558,-0.2669911515613955,0.5758453500036469
263,-0.43347753514495985,-0.6263476964703621,-0.20061779072667757,0.06457813068356107,-0.3055476145705539,0.5758453500036469
264,-0.2885589856503022,-0.654582435650668,-0.2346176255454068,0.005539330250413183,-0.25024944764388224,0.5758453500036469
265,-0.3365419037573443,-0.7040635963908903,-0.2843416076176788,-0.06699445691849494,-0.2527163721702968,0.5758453500036469
266,-0.22717406394578643,-0.6134235362577801,-0.22502172371201348,-0.007861127866386814,-0.21742573052554232,0.5758453500036469
267,-0.2961875605666807,-0.711400586278698,-0.25527140033353596,0.0048806120826086685,-0.2664522322795885,0.5758453500036469
268,-0.18786469221996743,-0.5936181273199092,-0.17558361217882495,0.017718337155571275,-0.33533465272519086,0.5758453500036469
269,-0.20593620163265855,-0.5105335310800891,-0.1486410919576104,0.08289324298719357,-0.2155718058975302,0.5758453500036469
270,-0.26363853378082946,-0.6501243987110018,-0.31443782856533947,-0.02212746421852161,-0.14860645152248514,0.5758453500036469
271,-0.13297432081556904,-0.5590689016104234,-0.24017774751137913,-0.09000019088956691,-0.1488471699056015,0.5758453500036469
272,-0.13504983479718222,-0.48063393997962633,-0.2243247286620767,0.08949567962148426,-0.30676519148783626,0.5758453500036469
273,-0.24611887390495024,-0.647963665766963,-0.22865834557178213,0.002972181794058754,-0.39154453212724083,0.5758453500036469
274,-0.1843821883950646,-0.654196438031026,-0.16604472461239553,0.05363799773704314,-0.42479727513800175,0.5758453500036469
275,-0.11493152851439047,-0.5458822280939803,-0.14995424949206124,0.1984817444243222,-0.3630835203174804,0.5758453500036469
276,-0.13436297953723947,-0.4161148977921825,-0.29196114040816795,0.2207303160534367,-0.3526533725378081,0.5758453500036469
277,-0.0012435928418976987,-0.48202822765459136,-0.13779700282803342,0.27425422423467927,-0.33509364056797675,0.5758453500036469
278,-0.06784294683294005,-0.6093359308868993,-0.14774506722786923,0.27353930697480516,-0.4178864767326515,0.5758453500036469
279,0.053002882618382326,-0.6003594688520448,-0.08389582959708976,0.25496921735972533,-0.3595726683260988,0.5758453500036469
280,0.08623219819576472,-0.5087559254069547,-0.12482630693179153,0.37726106064842624,-0.3756306220648771,0.5758453500036469
281,0.04935308784430799,-0.4421013502897207,-0.05534587851196468,0.4549338526108438,-0.3771093514758265,0.5758453500036469
282,0.16044943490820648,-0.5153863016628856,-0.10659699696425538,0.4538710660360856,-0.39902614266683645,0.5758453500036469
283,0.14717220050381616,-0.36867402231700697,-0.01987551249331766,0.4419698556697022,-0.308067314034576,0.5758453500036469
284,0.07618803484408107,-0.4125572075399993,-0.0074764418502077205,0.5516897294123412,-0.4001897901666745,0.5758453500036469
285,-0.05448294849951834,-0.012209187935398857,0.0397660422623468,0.10309320485351205,-0.05328878708193447,0.5758453500036469
286,0.3359553711349475,0.1690607439277434,0.021222100646493883,-0.09922158970315444,0.17420350650555552,0.5758453500036469
287,0.22895774036850622,0.11382251959913174,0.2293339480392786,0.4283401788675356,-0.04597430919748433,0.5758453500036469
288,0.3685434484627004,0.26234563458566157,0.2871742881910266,0.43567210996894984,0.029836244414755304,0.5758453500036469
289,0.09991052203958195,0.02022321200787672,0.13845853624966534,0.2995073169718452,-0.06471508051402323,0.5758453500036469
290,-0.18532411864440365,0.07181056322568005,-0.02656567935272548,-0.11514667785125059,0.0013628150742576123,0.5758453500036469
291,0.2600309335999049,0.21923830557320328,0.3022698669501089,0.5088182056479716,-0.03718210909227593,0.5758453500036469
292,0.3398372539668592,0.3490431077306263,0.3483166899915978,0.5060032892219861,0.01967783705444068,0.5758453500036469
293,0.2974428071484069,0.0633047830020496,0.10981675432790208,0.1927629558148967,0.03970630494958934,0.5758453500036469
294,-0.11134119905396096,0.06762986165290347,0.18337549557333846,0.36973683998523676,-0.13851994904257792,0.5758453500036469
295,0.19379782549246494,0.04190592591060516,0.007147065073683486,-0.023260163958854396,0.0753614392218529,0.5758453500036469
296,0.32602968789682807,0.1498632881442856,0.21627151312918563,0.36599536028167445,0.012325621225030458,0.5758453500036469
297,-0.04543060550999492,-0.01008626555688052,0.023949412631110313,0.06467863048387065,-0.037357821243974486,0.5758453500036469
298,0.38202174526488525,0.1754969246304859,0.04982456257198312,-0.039898726977319714,0.1697478939861245,0.5758453500036469
299,0.06343607134076666,0.012403666751636722,0.13052409257164693,0.28865542963868746,-0.0738352201283371,0.5758453500036469
300,-0.12111298704707699,0.08583897787130124,-0.04382901943771872,-0.16817967060955186,0.04138810273934731,0.5758453500036469
301,0.283175441029142,0.060090344081854694,0.12191251209926347,0.22364802947780446,0.024458901399993387,0.5758453500036469
302,-0.1688010420494158,0.05871741786777302,0.15769040677840268,0.319477680122118,-0.14104833982778903,0.5758453500036469
303,0.2291022347674486,0.04943010150763544,0.0191729656491505,-0.0027116553013072967,0.08084935423996213,0.5758453500036469
304,0.27533007016453065,0.1390652361695093,0.22675642478338304,0.4003957811304281,-0.01673155266725944,0.5758453500036469
305,-0.026962437094059703,-0.005947108400846312,0.010412272090036616,0.02959987615570692,-0.019250188908055688,0.5758453500036469
306,0.4134316452392561,0.1790040540268575,0.07928334397579934,0.024202542000684495,0.1586522581611689,0.5758453500036469
307,0.029117381070315793,0.005080903071227069,0.11967983800816252,0.2706356943249485,-0.07981992219612934,0.5758453500036469
308,-0.044016096307873,0.10160935539535287,-0.052432146202782276,-0.203052102842882,0.07963334661504311,0.5758453500036469
309,-0.21570490113180707,0.05223348887586321,0.12778548984834262,0.2572175134195718,-0.13587848912549197,0.5758453500036469
310,0.2626306052584359,0.05553902470691336,0.13177316907902006,0.2506556972747824,0.008310061730446211,0.5758453500036469
311,-0.17541993348405596,-0.024868086000547972,0.10039662846467844,0.12998341654423964,-0.32562645406850477,0.5758453500036469
312,-0.2672241327414381,-0.04171648043116021,0.00752847072199455,0.058899873193791745,-0.10879742495922434,0.5758453500036469
313,-0.27887764252689273,0.1580451918912374,0.1014949035576408,0.4098525953770706,-0.022511041219064706,0.5758453500036469
314,-0.4157678957468196,0.1447964402338502,0.13140149120627348,0.19492074185684496,-0.15120395718262467,0.5758453500036469
315,0.217666839892947,0.1273260064054441,0.23255900935539972,0.42497668540408773,-0.04482495102854232,0.5758453500036469
316,0.25875859505375864,0.05570875794565733,0.03335348942471134,0.02397608666099906,0.082325151646769,0.5758453500036469
317,0.43023390638919656,0.17970657183385916,0.10830001850157517,0.08998853760482499,0.1419872105972618,0.5758453500036469
318,0.0,0.0,0.0,0.0,0.0,0.5758453500036469
319,0.4012344385977154,0.16697800353651218,0.1819570640723873,0.2708603483854003,0.07031704932017174,0.5758453500036469
320,0.5082350797938491,0.3090460056795813,0.18665156297047775,0.16199811745979764,0.17340341007665797,0.5758453500036469
321,0.19765707439390426,-0.01912086560291267,0.08673438686726107,0.13686555984673043,-0.1132927751947394,0.5758453500036469
322,0.10627710649902342,0.1708360525162638,0.08288434195298981,0.14316501998798423,0.10333633201252106,0.5758453500036469
323,0.10627710649902342,0.0750314859264745,-0.05132107563976937,-0.2223117828737171,0.09768974333384894,0.5758453500036469
324,0.10627710649902342,-0.034168706034017476,-0.037683985319280563,0.01615035689542742,-0.2537340619484289,0.5758453500036469
325,0.10627710649902342,-0.13726864315107093,-0.17742795984684068,-0.12583918892461893,-0.032718934046322576,0.5758453500036469
326,-0.0013831072271253116,0.1976527604456164,-0.12055095722949716,-0.07802918956530668,-0.13723920867429212,0.5758453500036469
327,-0.0013831072271253116,0.10627207939728524,-0.2158624931242738,-0.0962962242759709,0.10657846037275354,0.5758453500036469
328,-0.0013831072271253116,-0.00138846886038572,-0.10884122449832849,0.19317670745293306,-0.1713380329175541,0.5758453500036469
329,-0.0013831072271253116,-0.1088363169544805,-0.1386259899655559,-0.09594387111223225,0.19558774613031757,0.5758453500036469
330,-0.10883144723549634,0.234986676583179,0.055012096152693986,0.03311278270832383,0.08566449455465404,0.5758453500036469
331,-0.10883144723549634,0.07342516608298469,0.05718797598467571,-0.15894569591714966,0.18098197987255277,0.5758453500036469
332,-0.10883144723549634,-0.035820269809176256,0.06964011981354774,0.05427892617623947,-0.2400018563616138,0.5758453500036469
333,-0.10883144723549634,-0.1386186990493267,-0.09592806063409633,0.16527812287606236,0.10462187369824916,0.5758453500036469
334,-0.19960825022584722,0.08523536993673914,-0.051975135716111544,-0.12199893218358014,-0.11760331107144582,0.5758453500036469
335,-0.2598077116731642,0.052119112321149456,0.032082323410921716,0.03812286169417318,-0.0763225905934791,0.5758453500036469
336,-0.0880389728605232,-0.09223087500740894,-0.17396663439042873,-0.32242089587146516,0.057854832220789146,0.5758453500036469
337,-0.20464872423000613,0.14346363413149849,-0.1370216217406674,-0.42787170005954595,0.11715652568724996,0.5758453500036469
338,-0.16213740601069004,-0.035630233269301086,-0.23272057643387872,-0.5022213733524848,0.10967952673227738,0.5758453500036469
339,-0.03973367793096221,-0.23360514754331335,-0.27652291722781525,-0.44371962156904976,0.07705225360629313,0.5758453500036469
340,0.13447756890867815,-0.20058475739165638,-0.2700499903198789,-0.4606961736553129,0.14233423807247766,0.5758453500036469
341,0.0018905619585688337,-0.2733799258992752,-0.34557782113989544,-0.5711873634801077,0.12165883334715358,0.5758453500036469
342,0.21120456437114965,-0.24663034668282552,-0.21335744276071894,-0.2943890402057144,0.09838897874442153,0.5758453500036469
343,0.28524307194165877,-0.13689231943484526,-0.24887034489655374,-0.468374637749222,0.2052636401606095,0.5758453500036469
