,0,1,tau
0,0.37740934239275026,0.3917215625271034,0.5758453500036469
1,0.4121599227081889,0.17549637024737152,0.5758453500036469
2,0.38836411724243314,0.5689480179034421,0.5758453500036469
3,0.6121919367028072,0.14040556218621703,0.5758453500036469
4,0.24731530104680033,-0.01622514200603753,0.5758453500036469
5,0.29671975023730157,0.6778602872914837,0.5758453500036469
6,0.5018716017144031,0.6248958640997435,0.5758453500036469
7,0.711626143052248,0.2514018601960174,0.5758453500036469
8,0.7014479991645999,0.0053406516313483365,0.5758453500036469
9,0.3587771282195611,-0.24524805861072926,0.5758453500036469
10,-0.032668300525863225,0.02206277779370236,0.5758453500036469
11,0.1647678366574976,0.7067966169825441,0.5758453500036469
12,0.34838415748101237,0.7694152579337605,0.5758453500036469
13,0.5098798309376015,0.7094507707765789,0.5758453500036469
14,0.5922638223180597,0.5984035458120245,0.5758453500036469
15,0.7100956483873385,0.36652400769118737,0.5758453500036469
16,0.812178816186028,0.23104254432175855,0.5758453500036469
17,0.8186388547423654,0.027905931351461587,0.5758453500036469
18,0.6864896307905448,-0.14226092805531737,0.5758453500036469
19,0.5642602677706161,-0.26000313201171266,0.5758453500036469
20,0.26873483263828213,-0.45021480767227273,0.5758453500036469
21,-0.13779905771611223,0.2785997560023259,0.5758453500036469
22,-0.20744730221436924,-0.19611530351955686,0.5758453500036469
23,0.646090534085584,0.45323624847196675,0.5758453500036469
24,0.7876266065345858,0.3957956672825512,0.5758453500036469
25,0.8575863796681874,0.28083251850856983,0.5758453500036469
26,0.8582446674927886,0.1710024338443791,0.5758453500036469
27,0.7969562286912008,-0.18784739043646642,0.5758453500036469
28,0.571635195915802,-0.256815967370354,0.5758453500036469
29,0.5262944959859785,0.48823168593503774,0.5758453500036469
30,0.7017824367731547,0.5203652574068865,0.5758453500036469
31,0.7231599241675917,0.43257984998327,0.5758453500036469
32,0.7684203067116707,0.4548082912897216,0.5758453500036469
33,0.8042657070840608,0.4471272458827592,0.5758453500036469
34,0.826732034396336,0.427591578458512,0.5758453500036469
35,0.8380960560999118,0.4019448972399053,0.5758453500036469
36,0.8372047119515003,0.37114004326073957,0.5758453500036469
37,0.8163902442463684,0.3380116193839436,0.5758453500036469
38,0.7642672627607875,0.3224353551508602,0.5758453500036469
39,0.8602719327189479,0.3296781051751301,0.5758453500036469
40,0.8996148135677074,0.2717574380160642,0.5758453500036469
41,0.9083305157339306,0.1877108962983005,0.5758453500036469
42,0.8634694422059042,0.10139950020126234,0.5758453500036469
43,0.6312257268720023,0.4040184662177604,0.5758453500036469
44,0.5927142557834701,0.35745794334900605,0.5758453500036469
45,0.5271097077416298,0.32900403518856325,0.5758453500036469
46,0.4458954881775359,0.34045833815428783,0.5758453500036469
47,0.3819137734076121,0.3997429645372327,0.5758453500036469
48,0.3644846409434459,0.48187622288928755,0.5758453500036469
49,0.3904806711590557,0.5514571083742393,0.5758453500036469
50,0.4376968230065441,0.5931485521023585,0.5758453500036469
51,0.488524884779693,0.6093910642165843,0.5758453500036469
52,0.534867664534121,0.6073060830118605,0.5758453500036469
53,0.5741683988909121,0.5925854538691382,0.5758453500036469
54,0.6058608383910125,0.5685879119279582,0.5758453500036469
55,0.6295159814808597,0.536931719797682,0.5758453500036469
56,0.6438680505572927,0.49827317727909765,0.5758453500036469
57,0.748590734463848,0.34755161878980084,0.5758453500036469
58,0.6612975697548984,0.34847077935020876,0.5758453500036469
59,0.6216524232655722,0.44043483475902595,0.5758453500036469
60,0.6746565543637346,0.5023829608719633,0.5758453500036469
61,0.7322811205773794,0.5039872061326534,0.5758453500036469
62,0.7698899040716453,0.47946824695436463,0.5758453500036469
63,0.789310768333507,0.44254339304537593,0.5758453500036469
64,0.6962439844795019,0.4603015283312481,0.5758453500036469
65,0.7749227893257539,0.5044346959953916,0.5758453500036469
66,0.8140580379166796,0.4621579789593061,0.5758453500036469
67,0.7684146507407252,0.47965699478118656,0.5758453500036469
68,0.8241961206376867,0.47597459307049655,0.5758453500036469
69,0.8395957604883677,0.43610852794053223,0.5758453500036469
70,0.7651738030999923,0.35536380292913455,0.5758453500036469
71,0.7398946182606094,0.25706765377898066,0.5758453500036469
72,0.6015601812545295,0.21156564854788695,0.5758453500036469
73,0.5125411561635794,0.36977590379231456,0.5758453500036469
74,0.6257021617608278,0.4646413725937492,0.5758453500036469
75,0.7694886109261125,0.42933824815048915,0.5758453500036469
76,0.8295230843656809,0.3687653027387058,0.5758453500036469
77,0.7971195483982509,0.27763807865292256,0.5758453500036469
78,0.7366509570410676,0.485421993571827,0.5758453500036469
79,0.8176477297195106,0.4445242185078736,0.5758453500036469
80,0.6712594185805321,0.5176832333285482,0.5758453500036469
81,0.7728921301106175,0.5198797913598878,0.5758453500036469
82,0.5736714865373356,0.48875498923387484,0.5758453500036469
83,0.6902627884737855,0.5815786904027304,0.5758453500036469
84,0.5462235869588046,0.3448856107837647,0.5758453500036469
85,0.5148731132194365,0.5921454033538665,0.5758453500036469
86,0.40781272453217976,0.6409747972877768,0.5758453500036469
87,0.5740598146031739,0.6576385342610367,0.5758453500036469
88,0.8386799409200856,0.36962602027515834,0.5758453500036469
89,0.8928869106305923,0.3383019720763717,0.5758453500036469
90,0.917803488151617,0.291563979721229,0.5758453500036469
91,0.9189629021037682,0.2480659439963697,0.5758453500036469
92,0.884253074707148,0.22529278788388396,0.5758453500036469
93,0.9230730611001485,0.21890870315303193,0.5758453500036469
94,0.9382675007900183,0.19610209803198975,0.5758453500036469
95,0.9364823702513652,0.16955893533107036,0.5758453500036469
96,0.9094546122460725,0.1452147417110666,0.5758453500036469
97,0.9193689274197963,0.3105025576177424,0.5758453500036469
98,0.9340342101241459,0.28796841259873035,0.5758453500036469
99,0.9383242886318149,0.2557308631081599,0.5758453500036469
100,0.9232237869009537,0.22021030672083924,0.5758453500036469
101,0.9453704912775132,0.21947435296315723,0.5758453500036469
102,0.9095570881642434,0.1890554235724755,0.5758453500036469
103,0.9537079798558032,0.23023686715512004,0.5758453500036469
104,0.955735416146999,0.20925665508278324,0.5758453500036469
105,0.937499426791359,0.17211993370104384,0.5758453500036469
106,0.8612610051448714,0.1705661713830348,0.5758453500036469
107,0.8701054789932093,0.10382418782689358,0.5758453500036469
108,0.8119630509522942,0.2272591282688942,0.5758453500036469
109,0.6836191273427489,-0.14831991162760916,0.5758453500036469
110,0.6363792215248437,-0.3935292814973857,0.5758453500036469
111,0.3866278361184776,-0.5830609970749234,0.5758453500036469
112,0.07294315412256291,-0.527316068907085,0.5758453500036469
113,-0.0051877079143352045,0.4822882727546485,0.5758453500036469
114,-0.3740235432399679,0.32588666876909755,0.5758453500036469
115,0.7028481856419667,-0.0011809867755229186,0.5758453500036469
116,0.7934426239515743,-0.1970082355360439,0.5758453500036469
117,0.5174999686051853,-0.5817991606121435,0.5758453500036469
118,0.360363575000932,-0.7071928728831346,0.5758453500036469
119,0.23616727537591647,-0.6159279865006986,0.5758453500036469
120,0.12057664179756811,-0.6957017707932518,0.5758453500036469
121,-0.015170114043566774,-0.6844243009341304,0.5758453500036469
122,-0.12271986570188065,-0.571283934882896,0.5758453500036469
123,-0.09693314288458271,-0.37559041294236395,0.5758453500036469
124,0.1199611449791495,-0.29807416869211356,0.5758453500036469
125,0.6185194227912975,0.135635564557618,0.5758453500036469
126,0.8200286636016555,0.018267356117915644,0.5758453500036469
127,0.42226647187544986,0.17817259173461555,0.5758453500036469
128,0.720013193796247,0.24191368708275043,0.5758453500036469
129,0.7218668309065654,0.35472138811101817,0.5758453500036469
130,0.8183167793442923,0.21926471633537814,0.5758453500036469
131,0.6622057562257189,0.4411954275155539,0.5758453500036469
132,0.7983057227035695,0.3811598775682264,0.5758453500036469
133,0.5471079905136067,0.4795079235778039,0.5758453500036469
134,0.7183591000925965,0.5045730289824567,0.5758453500036469
135,0.40283151758314206,0.3996095919583479,0.5758453500036469
136,0.5600601316018247,0.594368131921772,0.5758453500036469
137,0.5109166439552191,0.6705126016085783,0.5758453500036469
138,0.6324041205370191,0.6225846563187609,0.5758453500036469
139,0.4295773209445821,0.7054515438653969,0.5758453500036469
140,0.5526335788295957,0.721146971870143,0.5758453500036469
141,0.32449037747925535,0.6789121175161459,0.5758453500036469
142,0.4436852807985672,0.77744311945889,0.5758453500036469
143,0.25925242393593145,0.5393749386692489,0.5758453500036469
144,0.2778855197931172,0.7770021217349903,0.5758453500036469
145,0.41705513883774714,0.8207216479413024,0.5758453500036469
146,0.48681436515511434,0.7957930300432384,0.5758453500036469
147,0.3771608541777747,0.8402274978199585,0.5758453500036469
148,0.4381724106251399,0.8475417203926248,0.5758453500036469
149,0.3270983134318627,0.8348594783461745,0.5758453500036469
150,0.38519837000015716,0.8732125232291578,0.5758453500036469
151,0.27898849603621567,0.7810053615926211,0.5758453500036469
152,0.31538377885831526,0.8794289493671452,0.5758453500036469
153,0.2769461055456247,0.8852975172680266,0.5758453500036469
154,0.31492626298728976,0.9081397234953849,0.5758453500036469
155,0.34510602054457307,0.8891645919970652,0.5758453500036469
156,0.3123139462758379,0.8585495553553867,0.5758453500036469
157,0.2941935880873183,0.8383081764680783,0.5758453500036469
158,0.2620345137628578,0.8346077573658714,0.5758453500036469
159,0.2367365705393782,0.8550651800633225,0.5758453500036469
160,0.2323974573376908,0.8822167802553134,0.5758453500036469
161,0.24138050301114905,0.9016297228000509,0.5758453500036469
162,0.25445059652035,0.9121575758471048,0.5758453500036469
163,0.26770252605190353,0.9164019782374464,0.5758453500036469
164,0.28009467903945673,0.9163400808861176,0.5758453500036469
165,0.29148219980367357,0.9128712471228269,0.5758453500036469
166,0.30176730509750554,0.9060474126854658,0.5758453500036469
167,0.31036170101354676,0.8952432601285598,0.5758453500036469
168,0.30198226270998885,0.9225266410177432,0.5758453500036469
169,0.3294684129532189,0.9182292601922397,0.5758453500036469
170,0.3334630849972638,0.8680760618071068,0.5758453500036469
171,0.34022661103342655,0.7869456221823268,0.5758453500036469
172,0.22645352194515248,0.8165303367046031,0.5758453500036469
173,0.18099657006046224,0.7238743873977018,0.5758453500036469
174,0.19543978802096973,0.8770713541420081,0.5758453500036469
175,0.6048868828772128,-0.5122760723495179,0.5758453500036469
176,0.5557467678109208,-0.6648388387705695,0.5758453500036469
177,0.5615303657117302,-0.38982949824827834,0.5758453500036469
178,0.6954924681388563,-0.4873902212543159,0.5758453500036469
179,0.6482899866800416,-0.5868956812633266,0.5758453500036469
180,0.38396933553833046,-0.34942840928793995,0.5758453500036469
181,0.6801411932117483,-0.3131807737325977,0.5758453500036469
182,0.2819935349048672,-0.5223798906249406,0.5758453500036469
183,0.3152181081190617,-0.1250120157807193,0.5758453500036469
184,0.4237661809670285,-0.5967170113856279,0.5758453500036469
185,0.23788202395533342,-0.6793712478428819,0.5758453500036469
186,0.08268164225142849,-0.4673260836714741,0.5758453500036469
187,0.45467156239195505,-0.4465724921931348,0.5758453500036469
188,0.5430124978671063,-0.5628564695318593,0.5758453500036469
189,0.5112872901004999,-0.6617958540985223,0.5758453500036469
190,0.4300987098407918,-0.7079681498395021,0.5758453500036469
191,0.3214605626111806,-0.679002925245936,0.5758453500036469
192,0.32875710798261915,-0.2882135570161989,0.5758453500036469
193,0.603952449420299,-0.4406644016398281,0.5758453500036469
194,0.08951624362913635,-0.3431759294983556,0.5758453500036469
195,0.44459235869316527,-0.08476940887165219,0.5758453500036469
196,0.05408677254875416,-0.5650693701634073,0.5758453500036469
197,-0.12077669320539786,-0.17950963709584355,0.5758453500036469
198,0.17915988512852307,-0.6811105442937051,0.5758453500036469
199,-0.0988751989506663,-0.6585792643789501,0.5758453500036469
200,0.25361939147720103,-0.5310065524905884,0.5758453500036469
201,0.3160644765847574,-0.6809501082292038,0.5758453500036469
202,0.2508785895074526,-0.7769129229607362,0.5758453500036469
203,0.15084651257974538,-0.7985165432656405,0.5758453500036469
204,0.04943158376368595,-0.7344594241568485,0.5758453500036469
205,0.15648985430338447,-0.3343310340365837,0.5758453500036469
206,0.4182948291175273,-0.5642542217981494,0.5758453500036469
207,-0.09690139178530655,-0.3425676889004228,0.5758453500036469
208,0.31652015325867533,-0.1362034250245978,0.5758453500036469
209,-0.18051853142128227,-0.548909671902337,0.5758453500036469
210,-0.27101130238834364,-0.15033451883244942,0.5758453500036469
211,-0.02320946891845943,-0.6417097334302944,0.5758453500036469
212,-0.23806247039263773,-0.6989294349495387,0.5758453500036469
213,-0.3622606061971766,-0.5097170215044662,0.5758453500036469
214,0.14808530475913406,-0.6107784776441718,0.5758453500036469
215,-0.043829783359912715,-0.7799019310924284,0.5758453500036469
216,0.06383356016652601,-0.711530310143159,0.5758453500036469
217,0.063621988212947,-0.7986387912118054,0.5758453500036469
218,0.02228351917816103,-0.8495785264987452,0.5758453500036469
219,-0.028438450838856766,-0.8687083510155866,0.5758453500036469
220,-0.07941105214764468,-0.8634371736247879,0.5758453500036469
221,-0.12627024308094223,-0.8331450372208149,0.5758453500036469
222,-0.1560561512479495,-0.7706848409610363,0.5758453500036469
223,-0.13081840177749843,-0.6816806629702001,0.5758453500036469
224,0.09637326391895738,-0.544467189250983,0.5758453500036469
225,0.1482475804996365,-0.7964655885637022,0.5758453500036469
226,0.24071981440218335,-0.8047951357592265,0.5758453500036469
227,0.12528185564012423,-0.8735938001444821,0.5758453500036469
228,0.3189232538041335,-0.7615695569373833,0.5758453500036469
229,0.2558270045572078,-0.8698639193020277,0.5758453500036469
230,0.3629068295242116,-0.6631340664099903,0.5758453500036469
231,0.36740047869506587,-0.8165812580064493,0.5758453500036469
232,0.2972153758620079,-0.5257112240958162,0.5758453500036469
233,0.466682622442693,-0.6869049621743006,0.5758453500036469
234,0.5219798533741965,-0.6065732488263875,0.5758453500036469
235,0.5305316285145208,-0.7211501110821074,0.5758453500036469
236,0.4505128772704119,-0.7610636800503935,0.5758453500036469
237,0.5100221982964854,-0.4824928245755722,0.5758453500036469
238,0.5996676460871593,-0.63923900662848,0.5758453500036469
239,0.2050327024109233,0.5152765814876068,0.5758453500036469
240,-0.09457206241527973,0.6525106560049636,0.5758453500036469
241,0.37236165906457597,0.399471294288407,0.5758453500036469
242,0.24716215880166925,0.678059925842918,0.5758453500036469
243,0.41448175093373685,0.18571572080130336,0.5758453500036469
244,0.5112078026824245,0.4993807215030006,0.5758453500036469
245,0.6137523401449778,0.15819977032468913,0.5758453500036469
246,0.25858462561240714,-0.01126610262658545,0.5758453500036469
247,0.7082284073874948,0.27106583181794724,0.5758453500036469
248,0.7065635951143837,0.028292588349759284,0.5758453500036469
249,0.3793412481054492,-0.23300293432645153,0.5758453500036469
250,-0.022134312227514608,0.014204367112816474,0.5758453500036469
251,0.7032617925779918,0.38472169855836963,0.5758453500036469
252,0.8079607268645459,0.254093863453545,0.5758453500036469
253,-0.13907578888470776,0.2667421466230919,0.5758453500036469
254,-0.18588198344399842,-0.2128283804945461,0.5758453500036469
255,0.8511864100156871,0.3044356463403537,0.5758453500036469
256,0.8551036318011895,0.19645732256449883,0.5758453500036469
257,0.8257378898867289,0.3530819396521652,0.5758453500036469
258,0.8839452062223805,0.3297188023124398,0.5758453500036469
259,0.8882289172175002,0.27771376396650566,0.5758453500036469
260,0.9037858506667257,0.2143911526261661,0.5758453500036469
261,0.8624386747408861,0.12827186670722976,0.5758453500036469
262,0.917340267219795,0.245454196036872,0.5758453500036469
263,0.931953291703622,0.19742095667523968,0.5758453500036469
264,0.9165428761186712,0.12240638018057517,0.5758453500036469
265,0.8240415477037202,0.057452496548047224,0.5758453500036469
266,0.9129660774744637,0.2728651427628247,0.5758453500036469
267,0.9393111820003328,0.24495346689719827,0.5758453500036469
268,0.878370451430102,0.26680814754197046,0.5758453500036469
269,0.9064561787179756,0.2985062381953962,0.5758453500036469
270,0.9286330138559082,0.2866374645803075,0.5758453500036469
271,0.9333805446957218,0.2670110231391821,0.5758453500036469
272,0.8956708270324871,0.22597979850740013,0.5758453500036469
273,0.8195903014939107,0.26152287594937473,0.5758453500036469
274,0.8823945157818291,0.30780853912458234,0.5758453500036469
275,0.9279500030832712,0.23114707157309253,0.5758453500036469
276,0.888795682050076,0.17932578620238154,0.5758453500036469
277,0.9383734053535375,0.24877332866605273,0.5758453500036469
278,0.9445533129403164,0.21841016486615472,0.5758453500036469
279,0.937556486934287,0.2645682013101311,0.5758453500036469
280,0.9512127567867215,0.24741573234331507,0.5758453500036469
281,0.9562387377036023,0.25346534427452727,0.5758453500036469
282,0.9571498203723321,0.2411553401694298,0.5758453500036469
283,0.9566505049154795,0.25912282947481197,0.5758453500036469
284,0.9609641941681907,0.25247630420007294,0.5758453500036469
285,-0.013752663873623283,0.47688039193463116,0.5758453500036469
286,-0.3794682756274306,0.3040378465152984,0.5758453500036469
287,-0.10154565227053647,-0.4469751039896952,0.5758453500036469
288,-0.4318089036463968,-0.2013677916897496,0.5758453500036469
289,0.19612689530315341,0.5172450054059686,0.5758453500036469
290,-0.10984254717909359,0.6453458411955331,0.5758453500036469
291,-0.5384392346876321,-0.36460723356482483,0.5758453500036469
292,-0.5632701352114287,-0.03521057445833131,0.5758453500036469
293,0.3670784748926681,0.4070260747400699,0.5758453500036469
294,0.23339099399429103,0.6817019304817218,0.5758453500036469
295,0.41640765023510307,0.19594263960619052,0.5758453500036469
296,0.5022347950746543,0.5107521367238572,0.5758453500036469
297,0.2695594784242985,-0.005851088624929446,0.5758453500036469
298,0.6146731636781646,0.17582685752660576,0.5758453500036469
299,-0.011235806185008856,0.006843594424022825,0.5758453500036469
300,0.3990714269873705,-0.21995338408993154,0.5758453500036469
301,-0.13985027912296763,0.25476110890451187,0.5758453500036469
302,-0.16341000371367898,-0.22836992324599237,0.5758453500036469
303,-0.022171160585804706,0.4711277255427435,0.5758453500036469
304,-0.3839809085000936,0.2816852811218524,0.5758453500036469
305,0.1871407161506995,0.518926136764702,0.5758453500036469
306,-0.12502902235032626,0.6375858103546477,0.5758453500036469
307,0.3615666226210468,0.4143810859082073,0.5758453500036469
308,0.21947140534093224,0.684963997447303,0.5758453500036469
309,0.49298289277860097,0.5218089297017984,0.5758453500036469
310,0.41794315539873805,0.20616294852454964,0.5758453500036469
311,0.39116565931999214,0.6162990871043901,0.5758453500036469
312,0.5289296132943315,0.6313233767129426,0.5758453500036469
313,0.6079966751963366,0.5450086753168155,0.5758453500036469
314,0.5741933166849866,0.4017036767057145,0.5758453500036469
315,0.6149754739276871,0.19327016742020164,0.5758453500036469
316,0.280221724368555,0.0,0.5758453500036469
317,0.4179431553987385,-0.20616294852454953,0.5758453500036469
318,0.0,0.0,0.5758453500036469
319,0.6149754739276874,-0.1932701674202011,0.5758453500036469
320,0.3615666226210468,-0.414381085908207,0.5758453500036469
321,0.25889111570912726,0.10723621130462276,0.5758453500036469
322,0.19814668153679288,0.19814668153679285,0.5758453500036469
323,0.10723621130462277,0.25889111570912726,0.5758453500036469
324,1.715863188997514e-17,0.280221724368555,0.5758453500036469
325,-0.10723621130462274,0.25889111570912726,0.5758453500036469
326,-0.19814668153679285,0.19814668153679288,0.5758453500036469
327,-0.25889111570912726,0.10723621130462278,0.5758453500036469
328,-0.280221724368555,3.431726377995028e-17,0.5758453500036469
329,-0.2588911157091273,-0.10723621130462273,0.5758453500036469
330,-0.1981466815367929,-0.19814668153679285,0.5758453500036469
331,-0.10723621130462291,-0.2588911157091272,0.5758453500036469
332,-5.147589566992541e-17,-0.280221724368555,0.5758453500036469
333,0.10723621130462282,-0.2588911157091272,0.5758453500036469
334,0.19814668153679282,-0.1981466815367929,0.5758453500036469
335,0.2588911157091272,-0.10723621130462294,0.5758453500036469
336,0.3222901692249662,0.834275947012637,0.5758453500036469
337,0.41807688529925285,0.785066036849773,0.5758453500036469
338,0.2756325577597089,0.8636265185767431,0.5758453500036469
339,0.3532092989324411,0.8678353427944765,0.5758453500036469
340,0.34642919846974896,0.895513520720662,0.5758453500036469
341,0.38423679592738946,0.8711006685910592,0.5758453500036469
342,0.3304912017637412,0.9088202788113536,0.5758453500036469
343,0.3596354178063286,0.9073662223040728,0.5758453500036469
