,0,1,2,3,4,tau
0,-0.025832382419920696,-0.006530246156961794,0.09121243724062156,0.21611885856059443,-0.08086953855592191,0.5758453500036469
1,0.20695434965699544,0.043359324413662303,0.1434347544898239,0.28903687376020004,-0.023879735318677486,0.5758453500036469
2,-0.26758219365231367,-0.058488012149393157,0.05135278121878062,0.17361404443443185,-0.15109886727792743,0.5758453500036469
3,0.08944776641797425,0.10267088042967976,0.2291025764576171,0.44077210531819366,-0.0940539416263797,0.5758453500036469
4,0.2967625348090426,0.0636205582158238,0.06461800191862177,0.08843610227688892,0.07415543230205923,0.5758453500036469
5,-0.268097202498909,-0.05758637498718017,-0.047528821847669156,-0.054822253349974925,-0.07532825213046812,0.5758453500036469
6,-0.48246076301565877,-0.01981031381935966,0.033779070123120536,0.10720971732228923,-0.18287423743047648,0.5758453500036469
7,-0.09761781198031122,0.031093073312696284,0.17861110497716293,0.3884191648006663,-0.14977163023341258,0.5758453500036469
8,-0.030233780666731103,0.1904834220847033,0.2964951961382918,0.5270580169043133,-0.13607435252472005,0.5758453500036469
9,0.42316492097981984,0.17371963446997118,0.16038929128930351,0.2150551235165259,0.09696386295407478,0.5758453500036469
10,0.07163837772980886,0.015611544785038095,-0.009147440513099125,-0.03584669651086125,0.036917295921151894,0.5758453500036469
11,-0.01150702178603824,-0.0022285521830071042,-0.025766728694172514,-0.05719191495162568,0.014999622246118394,0.5758453500036469
12,-0.2692118777707,0.042432774778369264,-0.10282464032760597,-0.26433053095217135,0.01871110285205846,0.5758453500036469
13,-0.4694499084700474,-0.012510570652765042,-0.045214062974767155,-0.0810531363841287,-0.11482806557079994,0.5758453500036469
14,-0.6336184379023178,0.06415476728285725,0.03335896698202842,0.04135256287883937,-0.1847286977535752,0.5758453500036469
15,-0.04429612907964403,-0.02219338544537569,0.07165468573604505,0.1844559701108015,-0.0797332995476362,0.5758453500036469
16,-0.3022488898116723,0.03511938729282106,0.14270628359099702,0.3080002187976387,-0.18251956792196045,0.5758453500036469
17,-0.1736528637238385,0.1234181736029496,0.2544578723180322,0.4892762697408025,-0.182612115121198,0.5758453500036469
18,-0.1346172506409063,0.2745595045317197,0.3417514053899779,0.5650212812810377,-0.15849819243618732,0.5758453500036469
19,0.332802195452236,0.14284189568835715,0.21362692005935713,0.36549133890670715,0.012740675265022539,0.5758453500036469
20,0.46561817850890796,0.28836234949301465,0.24496702557558447,0.3144493760223349,0.10514778309761103,0.5758453500036469
21,-0.04401670638493882,-0.010296512684406844,0.07435823886147708,0.18089678364645656,-0.07550455191060237,0.5758453500036469
22,0.20401946130209936,0.14765232134364803,-0.027087663201955436,-0.1892836494088206,0.15976546979388484,0.5758453500036469
23,0.16752286932044724,0.10129624400528164,0.1363425923217385,0.22616320265069056,-0.00023565731985386584,0.5758453500036469
24,0.012841353791079424,0.04611121950578784,-0.0046899116120084905,-0.049046426246645236,0.031542310803997387,0.5758453500036469
25,-0.26255168769223713,-0.04029246629155983,0.03398821310270861,0.11853505389739905,-0.12682467243997053,0.5758453500036469
26,-0.474647062622399,0.09810591552447501,0.12142185664777733,0.21191544121574535,-0.1858585705634621,0.5758453500036469
27,-0.24157191165065514,0.21749981740624102,0.30812956091293475,0.5374028688042984,-0.19514545719843396,0.5758453500036469
28,-0.2187264845990977,0.3432635609380405,0.36980042707517385,0.5754403108260188,-0.16964375814999527,0.5758453500036469
29,0.10314700174000868,0.13623331272595296,0.23089747847597475,0.4169490785622678,-0.07374620660223215,0.5758453500036469
30,0.26525678891387017,0.27088830935638075,0.22892161678950274,0.29731742119481175,0.04732670863756025,0.5758453500036469
31,-0.094710813665841,0.17085751941162464,-0.06953468461783507,0.013214799711121827,-0.17636405381581355,0.5758453500036469
32,0.18790350578774673,0.14385880541653595,0.09019872700846787,-0.053974354027545246,-0.13650329089864766,0.5758453500036469
33,-0.1391613535075127,0.10454203333276801,0.04344082209030242,-0.17032439183659243,-0.15290094682012523,0.5758453500036469
34,0.1163766942551625,0.2545624476045063,0.10665572697315917,0.033230029963050356,0.08682218291299293,0.5758453500036469
35,0.25556432624318215,0.06215899965475913,0.10618553885924431,-0.12069481039035068,0.027945818856026428,0.5758453500036469
36,-0.1442673029677075,0.005734269384275237,-0.18244675128768184,-0.040943553572533986,0.17131663828379295,0.5758453500036469
37,0.17191127506861426,0.07889629859847869,-0.1688915545203793,-0.04931310749771356,0.1828718964818954,0.5758453500036469
38,-0.004802118512286402,0.2127432433123806,-0.027897646626234285,-0.238956344321549,0.13082045946861776,0.5758453500036469
39,-0.005392976802020222,-0.029196014445565632,0.06356725410504444,0.17052737065857015,-0.06538104482466456,0.5758453500036469
40,-0.19373027691826739,-0.026152664321924812,-0.056965905794474136,-0.1044137224438737,-0.029105175365055747,0.5758453500036469
41,-0.4564358040575882,0.012356198998236756,0.022415609254919033,0.05389650731743356,-0.14950417569032143,0.5758453500036469
42,-0.5955582821077149,0.18300316247370157,0.10768977480514297,0.11381291337803412,-0.1678674831601356,0.5758453500036469
43,0.2615907836091502,0.12957773229091052,0.22373369165974644,0.33152983473998354,0.04807577794519402,0.5758453500036469
44,0.0017332301893105417,0.19357442818065568,0.0714218575287674,0.33756941687272723,0.014235075161477151,0.5758453500036469
45,0.19788715276599675,0.20576076269152688,0.1424904751208652,0.42137669250200815,-0.21764856614945838,0.5758453500036469
46,0.2586528126757287,0.1624007942179121,0.15012565131044908,0.472820842391501,-0.14891411903128934,0.5758453500036469
47,0.0005704928654992059,0.29921154648159215,0.21312861797474836,0.3405318553841825,-0.011497671804058918,0.5758453500036469
48,0.18467770340670817,0.26018727898791283,0.35534925152920316,0.37205139220117855,-0.07295450724316288,0.5758453500036469
49,0.08171457065797971,0.12649129578839235,0.2986730904159792,0.40055393422715957,-0.26346252157415484,0.5758453500036469
50,0.21575657003609458,0.13133077983891023,0.3741764510326083,0.42934785986099233,-0.002320269236385175,0.5758453500036469
51,0.13238623802894428,0.014436066079458132,0.1726779191743859,0.5480154565725488,-0.00472324241118649,0.5758453500036469
52,-0.036807474868833956,0.15895943528403517,0.35619222089338787,0.39263282763065543,-0.14958501175824926,0.5758453500036469
53,-0.07708620073134265,0.057197414616047715,0.289011677364996,0.4543647278734424,-0.084894893218353,0.5758453500036469
54,0.19071009951420695,0.13889044706283388,0.35853228009476845,0.50375919557924,-0.12702552714469403,0.5758453500036469
55,0.12709688783859413,0.2659266420349552,0.3153692758119502,0.5136353795736786,-0.08852647446364584,0.5758453500036469
56,0.005201971496038016,0.2020168841836702,0.30404225280173214,0.5339938177543304,-0.1250369374337735,0.5758453500036469
57,-0.1564992379752157,0.09607879660104901,-0.05187419740365551,0.13045978907797018,0.04948954037970932,0.5758453500036469
58,-0.06972510473347882,0.02429262979742397,-0.2555533031057249,-0.07480810306072083,-0.23885857252615095,0.5758453500036469
59,-0.20461175625753358,0.20346418900197882,-0.005767124393540546,-0.20669224048715418,-0.19545674980771155,0.5758453500036469
60,-0.03245071134863364,0.3190363473870026,-0.06159855869104136,-0.1823860576194828,-0.19974844713957918,0.5758453500036469
61,-0.18472111503579458,0.2183276623633419,0.13310214614828664,0.07823670176904196,-0.27168529467593494,0.5758453500036469
62,-0.08426162798921588,0.2570480622431046,-0.10272596670772538,-0.11079574473696424,-0.36774440137571895,0.5758453500036469
63,-0.24737509099319355,0.27036721602755254,-0.054651140150466015,0.10600978070595238,-0.3090152288519068,0.5758453500036469
64,0.3037172486816382,0.026235092288980022,-0.08319299941923308,0.04953563696776653,-0.14960787595217595,0.5758453500036469
65,0.14795003182785438,0.38127231958300967,0.07797067578916572,-0.11574787487904925,-0.13582140195614278,0.5758453500036469
66,0.26564352442983696,0.2881669101524287,0.20299114597685253,-0.011197677219974445,-0.26270941203025777,0.5758453500036469
67,0.05944701245001682,0.17083126648936076,-0.05672959347756079,-0.24775189512699147,-0.23247857021503981,0.5758453500036469
68,-0.3509099119360397,0.18397981121480056,-0.040712295996111814,-0.11763992834074255,-0.10033504708743268,0.5758453500036469
69,-0.29648625792558647,0.2038504535985246,0.1174568764992528,-0.1896696438338541,-0.2842693865230983,0.5758453500036469
70,-0.09310602502152127,-0.05246450198292779,-0.110170055677413,-0.2521996109086192,-0.15809819610480091,0.5758453500036469
71,-0.21535841967298103,-0.0219844692519999,-0.28943238957148787,-0.1455882337412181,-0.0575235748462426,0.5758453500036469
72,-0.01022999367343913,-0.2028833706200862,-0.26431260357647646,0.0029971565782334064,-0.242618969503416,0.5758453500036469
73,-0.0035583268258528866,0.14323768511949148,-0.39496503961605556,-0.19479804749246143,-0.18233851601443485,0.5758453500036469
74,-0.1490208602101467,-0.04821719068645677,-0.41243034114696475,-0.12508185258307064,-0.343393394456148,0.5758453500036469
75,-0.18917998068560926,-0.246438500276821,-0.1515757712867748,-0.13052639508771113,-0.13350628973662348,0.5758453500036469
76,-0.1840536799996092,0.13610907618194873,-0.11144362601404822,-0.34988183573648035,-0.07009042023645096,0.5758453500036469
77,-0.17278160846847912,-0.04959237671797162,-0.008803566683889485,-0.4488361283631992,-0.17606818410714098,0.5758453500036469
78,-0.12048992501307398,-0.32921041339950796,-0.19278679157830447,-0.19606404734316674,-0.31525446143715796,0.5758453500036469
79,-0.3133105047792869,-0.3988120493177021,-0.21518517980093377,-0.11962966043157541,-0.19397271560040574,0.5758453500036469
80,-0.009160018850751184,-0.4363360609985478,-0.18568436770625224,-0.06757616795548671,-0.30485866826944086,0.5758453500036469
81,-0.03247155749685632,-0.42559414596163525,-0.2500501581425989,-0.2557255987638885,-0.4029326137458097,0.5758453500036469
82,0.12343855368248138,-0.3848296457858956,-0.17025356159048977,-0.12411174373334827,-0.41499799372271995,0.5758453500036469
83,0.06875560427275892,-0.5490118024635542,-0.20695225048701998,-0.018367371921703513,-0.3895243387275572,0.5758453500036469
84,0.12526846028526958,-0.42048177414994603,-0.12315008520645565,0.010413241314406296,-0.4992572432524558,0.5758453500036469
85,0.2527136094174366,-0.4124020439399382,-0.17069410927256295,-0.12034917721689972,-0.5011206305246392,0.5758453500036469
86,0.2686359795667222,-0.4117003010057835,-0.11729514369398916,0.0035839138855098263,-0.5227078785775685,0.5758453500036469
87,0.35736741265197025,-0.41689030261668353,-0.1613173012978074,-0.1071943905884108,-0.555257798582953,0.5758453500036469
88,0.031581385802652406,-0.26834703995851616,-0.044151935609658466,0.11800572226184958,-0.0967027081579308,0.5758453500036469
89,0.2007891677737898,-0.11674631974885352,0.09269354957491394,0.30393837161209536,-0.07056472118925883,0.5758453500036469
90,0.0718338090330346,-0.028552349435949254,-0.02251965453113014,-0.030350088503226402,0.02413992883492211,0.5758453500036469
91,-0.10253704595067958,0.08151098338669971,-0.0994951567401311,-0.29331931056420046,0.08725981035644859,0.5758453500036469
92,-0.5399291552255407,0.11374642749923822,0.048433426965398596,0.012346624628895214,-0.29107028684703234,0.5758453500036469
93,-0.5161019660159041,0.1774610749648341,-0.0858051808902315,0.044140904588471724,-0.17411490311481898,0.5758453500036469
94,-0.4572931293748479,-0.08114019964155775,-0.10163380774770493,0.07174432488299565,-0.29153812573425514,0.5758453500036469
95,-0.6225466488531082,0.028587527344045804,0.03324245001338013,0.01292323405334353,-0.04942392561851516,0.5758453500036469
96,-0.39889973704727977,-0.03250400763758731,-0.0729834345837063,-0.13049170931029977,-0.08260717797564521,0.5758453500036469
97,0.010822797771355752,0.03687284008578651,0.09864514598069496,0.1965660609202864,-0.05274689363317542,0.5758453500036469
98,0.2867154663525415,0.08074138998274094,0.056927569197343875,0.05692909015207359,0.08590004859258826,0.5758453500036469
99,0.11442885266230263,0.13987145384349342,-0.029904751379415284,-0.1869361341549931,0.13060279905585892,0.5758453500036469
100,-0.04200383277833841,0.24690824630061559,-0.0906292425752564,-0.4104829552990066,0.18519916459051333,0.5758453500036469
101,0.14257556729789297,0.275321584367182,-0.03937192105691034,-0.32082393299042145,0.21705637275805018,0.5758453500036469
102,-0.0049114490614429185,0.4063249043230878,-0.053383067906410675,-0.45673756254040576,0.2512306766337642,0.5758453500036469
103,0.11176850415428313,0.17063169709649229,0.005204363849813515,-0.13129302988955383,0.1190498956816185,0.5758453500036469
104,0.2706936141805338,0.36922227474089353,0.04185405823533048,-0.2144346328128608,0.2430352463909875,0.5758453500036469
105,0.13623031005751954,0.4211265745348197,-0.013338622765159874,-0.3805302497619929,0.27132949678056556,0.5758453500036469
106,0.014681908134129321,0.533465416952976,-0.00947673835540662,-0.46065207348544224,0.29001757859855315,0.5758453500036469
107,0.1198503020767046,0.5395184464874296,0.020190773621841983,-0.40017140088246256,0.30252783043940534,0.5758453500036469
108,0.023833967179610394,0.6268732570678635,0.03038567736506808,-0.4458715132673968,0.3111152024644721,0.5758453500036469
109,0.15595694696718565,0.05540004150823624,0.14939263390471913,0.2942502885893239,-0.03765745291374494,0.5758453500036469
110,0.2243059505373648,0.17660979363622953,0.27670803270380284,0.4859604616253431,-0.050783287154639235,0.5758453500036469
111,0.3887930773491616,0.254609457882535,0.2781909001742382,0.42079118284262007,0.038815201477637146,0.5758453500036469
112,0.4631664335106853,0.3820121115470057,0.30814914166454876,0.3830488879509369,0.1050464700560857,0.5758453500036469
113,0.17307972688475903,0.03600626847728755,0.14493447672709214,0.2994562431298118,-0.03916488779854066,0.5758453500036469
114,-0.25813869514823584,0.05277981422788655,0.028288855083046016,0.02879862350963558,-0.07257537519842217,0.5758453500036469
115,0.2386137022688729,0.08333453756993509,0.0697291683379535,0.08558817269390628,0.06285171513900556,0.5758453500036469
116,-0.07160577128584089,0.06039642836712039,0.09652751943093718,0.17460168570179535,-0.0639325058123893,0.5758453500036469
117,0.27652439669955253,0.15075471509602872,0.21396443745779342,0.3612982468278907,-0.0005080003635789809,0.5758453500036469
118,0.2963728349217142,0.26850319365466996,0.32093547390131105,0.5103240767844828,-0.014668403157917342,0.5758453500036469
119,0.44623621528892443,0.3575572846982923,0.37443056507307443,0.28845206045897365,0.0863677352578093,0.5758453500036469
120,0.5359699386984251,0.3698877448752356,0.27689940283544046,0.4341273469462933,0.07285036634701517,0.5758453500036469
121,0.4542790073604142,0.38636139517215295,0.3493666450913454,0.4199492989133037,0.014281141756240956,0.5758453500036469
122,0.37790275393379114,0.4558900537244532,0.3073300028861431,0.3881543468808,0.08715142835970485,0.5758453500036469
123,0.4494780867531342,0.3597421359695221,0.3914244438915264,0.41997083980815886,0.1439008537093836,0.5758453500036469
124,0.4432709713845521,0.4517339774463899,0.35244486939014175,0.42829616943031634,0.10156747316972493,0.5758453500036469
125,0.4146202731911188,0.17487100897464147,0.1479802511080327,0.18576545722951376,0.10443470335805549,0.5758453500036469
126,0.3365196861961599,0.2232124317582983,0.058000999269449016,-0.05904532084081704,0.1745610999516244,0.5758453500036469
127,0.3544519940342574,0.1565826588346757,0.21337144807262282,0.3530205112263587,0.02669020887122514,0.5758453500036469
128,0.4910192666710287,0.2848868614253232,0.22805811576224794,0.2776752191189596,0.12396466480459162,0.5758453500036469
129,0.43027891579900357,0.2609199793968207,0.26932061044627353,0.39404802037771414,0.061496236314018765,0.5758453500036469
130,0.5086778984939259,0.37714045216954517,0.29029464099321545,0.34469688669724263,0.1299739890489183,0.5758453500036469
131,0.30908776264444204,0.1619103352854651,0.21722475826501464,0.35875110926328574,0.012729745261955971,0.5758453500036469
132,0.35616633130584374,0.2830607840043665,0.3179418019453085,0.4898373804504112,0.013399915493518086,0.5758453500036469
133,0.3672466637710141,0.1793609924964435,0.14755863068449016,0.1823947258142602,0.09268817040601146,0.5758453500036469
134,0.11290783956018546,0.1149538402806356,0.16297342316074404,0.2777529839267422,-0.030045875469316488,0.5758453500036469
135,0.48375658403842237,0.2851692118276825,0.21826326544216945,0.2550849265306463,0.12937718756246158,0.5758453500036469
136,0.43356630385479233,0.30194173303374383,0.13775024465082564,0.05725817265304345,0.1842998978388229,0.5758453500036469
137,0.48628611769083285,0.3854741301799123,0.21693117954056162,0.16951281425179837,0.18349428070408513,0.5758453500036469
138,0.4636133063053871,0.44550073425290937,0.16938021150521193,0.011294802904276063,0.24420073056455738,0.5758453500036469
139,0.43318871109177837,0.32616504114205597,0.24335082836370406,0.28054263126695556,0.11623867375373659,0.5758453500036469
140,0.4927275482716461,0.4635252871741552,0.27862289839138454,0.24725766673886068,0.17909744151571177,0.5758453500036469
141,0.33731691636587835,0.2039869246046716,0.16755527892830197,0.20902032178220092,0.08117204676204273,0.5758453500036469
142,0.34458065806505556,0.31120837652016825,0.2842581918745656,0.38945158795209855,0.05026485987254575,0.5758453500036469
143,0.41876527522771245,0.27731675435947145,0.12831017910641696,0.056160308948452475,0.1741539031242677,0.5758453500036469
144,0.17673353900738498,0.14109169345191308,0.07734953254713772,0.05735437763526252,0.0683460652786329,0.5758453500036469
145,0.2587252469593381,0.17354931028398934,0.21874095956928857,0.3540488936838444,0.0023250189416650774,0.5758453500036469
146,0.2377563787836382,0.33131196740651514,0.3265285294919569,0.47318113234484677,-0.003998674432331872,0.5758453500036469
147,0.29366928746292364,0.21897013559024409,0.15345196842576403,0.16541739141493506,0.08647400786522862,0.5758453500036469
148,0.0857652056983842,0.06515514204684925,0.14661418971289852,0.2817464979060518,-0.05179971654129179,0.5758453500036469
149,0.32300484752199243,0.39037067062128816,0.2414031031842221,0.22629092261172556,0.11770504684138716,0.5758453500036469
150,0.2796265955198527,0.3579022499458777,0.13459910201056446,0.008203179911687175,0.1690726765605135,0.5758453500036469
151,0.2634826204994656,0.36811870838316185,0.29256677188743846,0.36402203929328136,0.04894625475218217,0.5758453500036469
152,0.2980806554860008,0.5167694483991108,0.30920389709882684,0.27922383096689346,0.12432903602456127,0.5758453500036469
153,0.3784378163376456,0.5110876620820197,0.2677200648925276,0.3598844630295255,0.11993840234830976,0.5758453500036469
154,0.22924470899359906,0.6055934850074167,0.27210299527788284,0.23482229739456228,0.15003003480023108,0.5758453500036469
155,0.2555631764665315,0.6015137533311135,0.35618850443828604,0.3189331424560169,0.11975416491203733,0.5758453500036469
156,0.41532861597608206,0.5354571487541867,0.2615886510678845,0.2575268434668802,0.10132868820262503,0.5758453500036469
157,0.3635238197351206,0.5595402129684957,0.3499729771753431,0.3507918811730444,0.10437027292342836,0.5758453500036469
158,0.42033576836753117,0.5160886007811822,0.3090821747595173,0.3389533517222756,0.0347717615016144,0.5758453500036469
159,0.4375732483869279,0.4426112641382952,0.21259860572004466,0.3079788535651487,0.08611311953813088,0.5758453500036469
160,0.3969847725233733,0.570537083782652,0.3189309172185965,0.3718380859910363,0.0735940132894514,0.5758453500036469
161,0.39411294506789263,0.49846624583866045,0.2941628173057462,0.40415950181084664,0.029819133351473487,0.5758453500036469
162,0.4114729867491407,0.5315020043459817,0.2915943041239613,0.33898504004659524,0.20590085812452832,0.5758453500036469
163,0.3429244613582683,0.5717610378850418,0.2565533062506682,0.4239608897470086,0.09620106835717182,0.5758453500036469
164,0.3576954974595519,0.4989573010360804,0.21379330153527593,0.44539111980759594,0.08466532718781686,0.5758453500036469
165,0.39414464407453387,0.4948468787388929,0.3312207854839724,0.41934420169182357,0.15610025888042853,0.5758453500036469
166,0.4060888094042929,0.576640322365519,0.2838164169833505,0.3992112122869405,0.15007991189515243,0.5758453500036469
167,0.4100784306257378,0.5436412665786177,0.2601386639935368,0.4394182885613265,0.11106649413647492,0.5758453500036469
168,0.1684623377997145,0.6259394039123579,0.3013427465521851,0.31992784199624713,0.11164126731794505,0.5758453500036469
169,0.1467679358138183,0.6835806675622931,0.25484028302905254,0.2131323522365527,0.15884383498388066,0.5758453500036469
170,0.40249055199186146,0.5747923110778879,0.3378372889059658,0.41027975880679696,0.09773188782522023,0.5758453500036469
171,0.3231084792452631,0.6230399704123296,0.3401775310208882,0.3196267931784643,0.12046883748850669,0.5758453500036469
172,0.33701452061681414,0.6020180860057512,0.40524323360093834,0.35447389695338555,0.09159088996707518,0.5758453500036469
173,0.31001869904531015,0.5793412699252746,0.41905028183250204,0.4006931297529523,0.06298351699975618,0.5758453500036469
174,0.3095278665960497,0.635015958234751,0.4404682615187173,0.3626240480961308,0.08188822988758582,0.5758453500036469
175,0.3619869427002136,0.1892111411664209,0.15727092981924173,0.1968085845969052,0.08881572693066601,0.5758453500036469
176,0.09367474511755369,0.10138936657698222,0.14290629908909847,0.24321325318765763,-0.02766004760392113,0.5758453500036469
177,0.48547620617534615,0.14568274063102393,0.07436347846208069,0.3248480624751471,0.07204152744744907,0.5758453500036469
178,0.22009673016717768,0.3288608255861059,0.08107416862500139,0.12134678306288638,0.12398118099903796,0.5758453500036469
179,0.43756709589403986,0.32174653241022644,0.16153507351729207,0.09564547391433897,0.1776991997837175,0.5758453500036469
180,0.402504682920354,0.11475703197473008,0.12210273932989714,0.4535145155062833,-0.002799905365741845,0.5758453500036469
181,0.5620240906898621,0.1755073748798985,0.05787929632211519,0.4529056398865292,0.059678963012296304,0.5758453500036469
182,0.2310805746043344,0.06446127143609215,0.13354739664190426,0.36810224944806513,-0.03767124203429914,0.5758453500036469
183,0.32225453902718626,0.1485249103752811,0.18696527091176404,0.5639622449788085,-0.054668454157641155,0.5758453500036469
184,0.2952637812805817,-0.04726753835365938,-0.036035109102120266,0.4210416800249954,-0.06405851877518819,0.5758453500036469
185,0.13273696181331207,0.23905285854656694,0.16207748516522047,0.4453616223240706,-0.033841419560010466,0.5758453500036469
186,0.030963383363869834,0.1098502729118854,0.1706661183630379,0.23827561372072892,-0.04243755038364294,0.5758453500036469
187,0.4406375898207898,0.04365276137207508,-0.009633724410948147,0.3596309931933448,-0.1456366817458291,0.5758453500036469
188,0.3558992225762879,0.11955840731027045,-0.13317199275088742,0.42074109013465244,-0.055761731824540695,0.5758453500036469
189,0.2667461139491407,-0.12231961754924803,-0.16169096768487415,0.3162717136043556,-0.18077139862252845,0.5758453500036469
190,0.41127219309634555,-0.0592582602552731,-0.05077010000957499,0.47385524496921816,0.07822253561101677,0.5758453500036469
191,0.33029501536334804,-0.08906640091683578,-0.14105488688099213,0.5544044810586182,-0.10826397620777506,0.5758453500036469
192,0.39977725015047705,0.06163200742310035,0.052627651056657905,0.46518236256490963,-0.2619569675830758,0.5758453500036469
193,0.5340220047037949,0.15736882026681673,0.03946175072917767,0.3735094111891436,-0.20806823109255165,0.5758453500036469
194,0.239403295776496,0.03587804377837134,0.10864920331371232,0.4752274435298216,-0.23600844623433886,0.5758453500036469
195,0.37057848437169694,0.11922530880858118,0.11520929926993004,0.5523638313761774,-0.32615184811325226,0.5758453500036469
196,0.2248297380338995,0.03917650462586904,0.09062984262134904,0.30662475745910056,-0.10517810348216561,0.5758453500036469
197,0.0868295655783703,0.08927655211767384,0.19785417845450856,0.49726873635838875,-0.19193587188894962,0.5758453500036469
198,0.42791619350189736,0.08286546661502958,0.033377234301274705,0.2973354960967505,-0.15924598364771902,0.5758453500036469
199,0.2952221503640722,0.16052931359138467,0.09392953606036464,0.15268270404340423,0.02659751921180309,0.5758453500036469
200,0.3999714292868537,0.12195590010571791,0.022536310957197117,0.09164528505022718,-0.19589806239496044,0.5758453500036469
201,0.4033597055752183,0.22951210033081984,-0.08803694340760078,0.2381704289952956,-0.12133753760559407,0.5758453500036469
202,0.4679907916405328,0.022262824439596512,-0.08285381925999664,0.30398816735075385,-0.28810116655930457,0.5758453500036469
203,0.5424223632218002,0.09707611777754344,0.04288988812096679,0.28476864290528914,-0.008345441651596008,0.5758453500036469
204,0.5541143930850363,0.16700532420318515,0.031472143614114004,0.3505631493465373,-0.2176385887113561,0.5758453500036469
205,0.3624537909085115,0.15360842208213377,0.08145104772053814,0.14969522190641776,-0.38325441566375357,0.5758453500036469
206,0.3839915792602284,0.25225608781004766,0.059153783394777164,-0.05798330045664041,-0.27295650621559553,0.5758453500036469
207,0.2526295666602154,0.1081634642890999,0.1383483970249002,0.29450388758877527,-0.34267737116008123,0.5758453500036469
208,0.32950211767602844,0.23124677376648037,0.15115060480169182,0.21848762640904704,-0.4970987050746002,0.5758453500036469
209,0.18476002505421496,0.06045039368804561,0.11070460761324052,0.22790797679930652,-0.14174200236434342,0.5758453500036469
210,0.1479780945944218,0.14160790074017465,0.21686568659425337,0.4259189580642123,-0.28612333331533735,0.5758453500036469
211,0.26008602135071635,-0.05395777232796739,-0.07057153014065976,0.27904653443901273,-0.21650729930531498,0.5758453500036469
212,0.09896776731517476,0.2556918490965885,0.13475218328971028,0.3204788873641693,-0.06995590217242897,0.5758453500036469
213,0.14157683384724296,0.13234394709048491,0.10348683223689636,0.11595609565947096,0.08202903557946373,0.5758453500036469
214,0.09593937996184865,-0.1119130641371906,-0.05601782823962481,0.4008407351610823,-0.2845966405784959,0.5758453500036469
215,0.3067023077244173,-0.08773758073735438,-0.17905830529760508,0.4008307526364735,-0.32188219355919545,0.5758453500036469
216,0.2678421742268138,0.06977653211865226,-0.18828993656228699,0.33944674482304904,-0.37090614460601845,0.5758453500036469
217,0.22374351942751425,-0.1181652426388895,-0.13364839475848322,0.3655990670488287,-0.45748885945698314,0.5758453500036469
218,0.3795436870760552,0.016042806718256475,-0.14612864547052612,0.378443469888206,-0.4162252730357122,0.5758453500036469
219,0.1921210842187564,-0.09654659778482913,-0.12027593225573802,0.5017171559323166,-0.3628142464981216,0.5758453500036469
220,0.2731346455308138,-0.20217215242232495,-0.15744446441036053,0.4263030805746749,-0.4231432747667403,0.5758453500036469
221,0.3770080577721036,-0.04382035623192623,-0.27573851354621426,0.4590109590418866,-0.24047980588053652,0.5758453500036469
222,0.2655013593204164,-0.15749858969815123,-0.29536291912625307,0.47242930682257844,-0.32027754651295104,0.5758453500036469
223,0.336183348660323,-0.06484278569881755,-0.21509332744314874,0.5142443306169509,-0.39731787227018767,0.5758453500036469
224,0.13435869028027048,0.08206816080797973,-0.07530774871509399,0.4113306874608361,-0.37017125276552265,0.5758453500036469
225,0.26215297275102134,0.23906135572144907,-0.15595994010385283,0.34776527180898986,-0.4013464272193561,0.5758453500036469
226,0.15819761796802018,0.23043340682155555,-0.06319281339168276,0.43503374788248056,-0.40897913005317665,0.5758453500036469
227,0.2618569784599587,0.37735606394253673,-0.10108010835465497,0.37701854800027984,-0.4018061085313446,0.5758453500036469
228,0.15662374074816515,0.13810089219031668,0.0232108741778142,0.4090623575300433,-0.2771525401468402,0.5758453500036469
229,0.08045367473943688,0.27433288583037596,0.036147765869305876,0.511390806258738,-0.3970724368344484,0.5758453500036469
230,0.27376128672380867,0.22393252281478276,-0.033368453623427344,0.275370608463511,-0.21964588880340663,0.5758453500036469
231,0.1553404085720992,0.1323461423820793,0.1544850808283405,0.37976966548041724,-0.10652181471480782,0.5758453500036469
232,0.2385490969283991,0.3462617773298551,-0.0850465694863131,0.3166405096319451,-0.3510707154006517,0.5758453500036469
233,0.34228814227281024,0.39234477217314756,-0.060000479451235,0.19038733369411454,-0.19517568779867056,0.5758453500036469
234,0.38241056489906455,0.37754020151908674,-0.18534674646478808,0.2689974727764389,-0.2709461314576517,0.5758453500036469
235,0.24496781234740683,0.46593571640111453,-0.06839505615765172,0.10535661037675892,-0.06556323351344856,0.5758453500036469
236,0.3550184968573947,0.5558853137816274,-0.046472722938087074,0.16606799604946754,-0.18720921564082305,0.5758453500036469
237,0.33350838912804337,0.3425786141685734,-0.12613222474100677,0.38893722690866317,-0.3096805430775563,0.5758453500036469
238,0.39030175172272813,0.42160713571726116,-0.247379586133903,0.3505792517909644,-0.33685206763695374,0.5758453500036469
239,0.304630040725554,0.06516059720240275,0.08063962872420904,0.12385151091783264,0.06512599725020429,0.5758453500036469
240,0.020890929206422326,0.09018846007296999,0.21934287989006251,0.43042293438202517,-0.1139732242212011,0.5758453500036469
241,0.11293537614174975,0.024540764097815637,-0.00756116216805669,-0.040657004958710274,0.05292767285437172,0.5758453500036469
242,0.4011983914812518,0.16747072178361844,0.18267399642626547,0.2721073768358997,0.07001605129744842,0.5758453500036469
243,-0.05387829823347157,-0.012253762789880857,0.05689865122372284,0.14256716656418877,-0.06620206153784552,0.5758453500036469
244,0.2760010646680202,0.15970904962837196,-0.004986718305695359,-0.15025788132984896,0.17108680792243325,0.5758453500036469
245,-0.231966416744656,0.060545619955023555,-0.0018829057863509746,-0.0477775300330503,-0.037538166305716825,0.5758453500036469
246,0.13695049423398498,0.028197089891117966,0.14328625820893837,0.3030626551933032,-0.052971644529179296,0.5758453500036469
247,-0.26406690982993686,-0.17049804683502434,-0.10493795458617702,-0.0943400489440972,-0.08920146421929509,0.5758453500036469
248,-0.32857373784020805,0.06932882066940216,-0.09232978152165834,-0.2606501798815709,0.006677105644634862,0.5758453500036469
249,-0.04699954686446284,0.07832461361985951,0.20406051239582923,0.40682936667470804,-0.1291527126857553,0.5758453500036469
250,0.30476101546334977,0.06503264080169546,0.0958962117994099,0.15908669843579148,0.05345673297294962,0.5758453500036469
251,-0.4656442622688164,-0.1526657516455665,-0.06885438558684986,-0.020410286740769945,-0.168752193202389,0.5758453500036469
252,-0.3271081132798297,-0.36317798524503275,-0.15385857561779226,-0.04692572653506932,-0.17157178068360346,0.5758453500036469
253,0.15441608577823018,0.03346881516127376,-0.0019771928478240497,-0.036265281744391586,0.06594267311545732,0.5758453500036469
254,0.3684104381661315,0.15942579475553315,0.2014492161331788,0.32284861061333336,0.04151750566281198,0.5758453500036469
255,-0.15337247977701318,-0.46361693189950093,-0.1889374274953699,-0.04989316689783253,-0.14435461099188496,0.5758453500036469
256,-0.3569333966038819,-0.513782783856248,-0.22256762658217966,-0.08056530329999217,-0.20678593230275355,0.5758453500036469
257,-0.23642058284494705,-0.5211551627675017,-0.2760257322269746,0.04925949733218754,-0.2160212615401998,0.5758453500036469
258,-0.061198748232293376,-0.3744284904558166,-0.2842203111359608,-0.14877924420647645,-0.046111695897114335,0.5758453500036469
259,0.030010248449200416,-0.5303956234915586,-0.20534032145850695,-0.03777915535928186,-0.11089329800810094,0.5758453500036469
260,-0.3957533791032578,-0.5506624467739458,-0.1892242177143259,0.027586384950560233,-0.26328008540275943,0.5758453500036469
261,-0.35643028434945984,-0.6270822695097859,-0.25676541221310845,-0.06621609834286113,-0.23964707862635343,0.5758453500036469
262,-0.3262732645249184,-0.639261290569533,-0.2172378622689473,0.03399780657064627,-0.266991125768781,0.5758453500036469
263,-0.43347747390900876,-0.6263477326276308,-0.20061781533774545,0.06457810576878693,-0.30554759731318915,0.5758453500036469
264,-0.2885589425873157,-0.6545824483583639,-0.23461764872914243,0.005539289983520185,-0.25024942481756474,0.5758453500036469
265,-0.3365418535307695,-0.7040636086107164,-0.2843416343304873,-0.06699450533108992,-0.25271634441739976,0.5758453500036469
266,-0.22717421435958862,-0.6134236156560641,-0.2250219292279609,-0.007861528302017327,-0.21742566208289416,0.5758453500036469
267,-0.2961876238054151,-0.711400618274729,-0.2552714493768501,0.004880531527606459,-0.26645223229783566,0.5758453500036469
268,-0.18786463311382026,-0.5936177208238981,-0.17558369566073673,0.017717720940852,-0.33533449233121326,0.5758453500036469
269,-0.20593636178218405,-0.5105327341323205,-0.1486413296870024,0.08289204750140121,-0.2155712583122297,0.5758453500036469
270,-0.26363876968091515,-0.6501247865719241,-0.31443793173674034,-0.02212769707245435,-0.14860671055113928,0.5758453500036469
271,-0.13297524375179542,-0.559069326304057,-0.24017839805223248,-0.09000131163457109,-0.14884717690132604,0.5758453500036469
272,-0.13504930513927874,-0.4806339190800496,-0.2243251285719309,0.08949523122959138,-0.3067644237864759,0.5758453500036469
273,-0.24611910488762356,-0.6479629465130547,-0.22865834584852326,0.002971411958251815,-0.39154477929399634,0.5758453500036469
274,-0.18438219952311324,-0.6541957992700118,-0.16604464025276847,0.05363730488303156,-0.42479754011751414,0.5758453500036469
275,-0.1149312529216994,-0.5458820394764993,-0.14995459395993804,0.1984814553978531,-0.36308311631811696,0.5758453500036469
276,-0.1343620959234676,-0.41611509047751083,-0.2919621274499184,0.22073013711146827,-0.35265188619601295,0.5758453500036469
277,-0.0012430797935605309,-0.482028280496291,-0.13779732514324136,0.2742539924478835,-0.33509301902921523,0.5758453500036469
278,-0.06784271436340442,-0.6093358473795396,-0.14774541750390188,0.27353913039501854,-0.4178861466384879,0.5758453500036469
279,0.05300350562896537,-0.6003594489917348,-0.08389613164889098,0.2549684525954366,-0.3595724445173824,0.5758453500036469
280,0.08623294521407945,-0.5087562604859932,-0.12482670965470632,0.3772607257403891,-0.3756299104390192,0.5758453500036469
281,0.049353703096535084,-0.4421019818633619,-0.0553463301804811,0.45493373364808076,-0.37710897914904357,0.5758453500036469
282,0.16045023761176744,-0.5153867131386447,-0.10659744384897807,0.4538707536667936,-0.39902540192058306,0.5758453500036469
283,0.14717232214592077,-0.3686742040169416,-0.019875649290613473,0.4419698845896502,-0.3080669423556113,0.5758453500036469
284,0.07618856549657935,-0.4125580419999904,-0.007476994903957895,0.5516896003747558,-0.4001895047117316,0.5758453500036469
285,-0.05448295241497425,-0.01220918881859906,0.03976604337927703,0.10309320814907696,-0.053288789548304905,0.5758453500036469
286,0.33595536997534836,0.1690607441737898,0.021222103659999728,-0.09922158215198906,0.17420350371042104,0.5758453500036469
287,0.2289577322090106,0.11382251856519049,0.22933394980086907,0.42834018461907986,-0.04597431377919342,0.5758453500036469
288,0.3685434402959076,0.2623456327835963,0.2871742905828882,0.43567211810606254,0.02983623884419495,0.5758453500036469
289,0.09991051483488222,0.020223210484787257,0.138458537665191,0.29950732191991847,-0.06471508466379233,0.5758453500036469
290,-0.1853241208098746,0.07181056264197594,-0.026565678164525153,-0.11514667504665965,0.0013628133673369014,0.5758453500036469
291,0.26003092419291174,0.21923830405889744,0.30226986858863436,0.5088182116830529,-0.03718211425807047,0.5758453500036469
292,0.33983724477019933,0.34904310550267725,0.3483166920650276,0.5060032970160155,0.01967783118719127,0.5758453500036469
293,0.297442802081028,0.06330478201394862,0.10981675757580887,0.19276296490404143,0.03970630018545496,0.5758453500036469
294,-0.11134120692451699,0.06762985946086839,0.18337549557926502,0.3697368418268465,-0.1385199525197614,0.5758453500036469
295,0.19379782522249656,0.041905925912465,0.007147068021092551,-0.02326015674749282,0.07536143674658291,0.5758453500036469
296,0.3260296788336552,0.1498632861151762,0.2162715161600809,0.36599536994670456,0.012325614829320097,0.5758453500036469
297,-0.04543060809594879,-0.010086266145591286,0.02394941336212808,0.06467863262426432,-0.03735782286186384,0.5758453500036469
298,0.3820217457069326,0.1754969250117827,0.04982456744845137,-0.03989871519695232,0.1697478902945948,0.5758453500036469
299,0.06343606620833508,0.012403665667879815,0.13052409328869408,0.2886554324836219,-0.0738352228587715,0.5758453500036469
300,-0.12111298499374801,0.08583897849345323,-0.043829018607864256,-0.16817966895390146,0.04138810294717299,0.5758453500036469
301,0.28317543644469234,0.06009034321551987,0.1219125135212151,0.22364803424165627,0.024458898242168958,0.5758453500036469
302,-0.16880104720981215,0.05871741640758956,0.15769040656474664,0.31947768073129,-0.14104834191332305,0.5758453500036469
303,0.2291022308624555,0.0494301007593716,0.01917296698043991,-0.0027116510004887573,0.08084935146769467,0.5758453500036469
304,0.27533006369548674,0.1390652348492264,0.2267564259915733,0.40039578592444003,-0.016731556506056205,0.5758453500036469
305,-0.026962441161467232,-0.005947109311533576,0.010412273712099074,0.029599880690209357,-0.01925019183743204,0.5758453500036469
306,0.41343164179927516,0.17900405386797003,0.0792833456469067,0.02420254708105094,0.15865225540726335,0.5758453500036469
307,0.029117381922902474,0.005080903254679747,0.11967983952749428,0.2706356977159634,-0.07981992302342843,0.5758453500036469
308,-0.04401610133871792,0.10160935464945675,-0.052432144837192496,-0.20305209845714423,0.07963334348325724,0.5758453500036469
309,-0.21570489921000685,0.05223348876942056,0.12778549303827647,0.25721752091203154,-0.1358784910692884,0.5758453500036469
310,0.26263060525843596,0.0555390247069133,0.13177316907902004,0.2506556972747822,0.008310061730446128,0.5758453500036469
311,-0.17541993319978944,-0.024868085143527563,0.10039663182602021,0.12998342413658537,-0.3256264553838085,0.5758453500036469
312,-0.2672241350149065,-0.04171647839584064,0.007528474972158361,0.05889988133794777,-0.10879742782097435,0.5758453500036469
313,-0.2788776387586984,0.15804519053064237,0.1014949073601451,0.4098526033004106,-0.022511044132297098,0.5758453500036469
314,-0.4157678935097695,0.14479644002691958,0.13140149627388842,0.1949207537457589,-0.15120396051527418,0.5758453500036469
315,0.2176668425237298,0.12732600644349504,0.23255901013641977,0.42497668552779166,-0.04482495025948545,0.5758453500036469
316,0.2587585950537586,0.055708757945657314,0.03335348942471133,0.02397608666099906,0.08232515164676898,0.5758453500036469
317,0.43023390638919645,0.17970657183385919,0.10830001850157517,0.08998853760482495,0.14198721059726194,0.5758453500036469
318,0.0,0.0,0.0,0.0,0.0,0.5758453500036469
319,0.40123443859771557,0.16697800353651227,0.18195706407238735,0.2708603483854002,0.07031704932017185,0.5758453500036469
320,0.5082350797938489,0.30904600567958135,0.18665156297047777,0.16199811745979759,0.17340341007665816,0.5758453500036469
321,0.19765707439390423,-0.019120865602912634,0.08673438686726109,0.13686555984673046,-0.11329277519473928,0.5758453500036469
322,0.10627710649902342,0.17083605251626377,0.08288434195298977,0.14316501998798423,0.10333633201252104,0.5758453500036469
323,0.10627710649902342,0.0750314859264745,-0.05132107563976934,-0.22231178287371706,0.09768974333384894,0.5758453500036469
324,0.10627710649902342,-0.034168706034017435,-0.03768398531928047,0.016150356895427268,-0.2537340619484289,0.5758453500036469
325,0.10627710649902342,-0.13726864315107093,-0.17742795984684065,-0.1258391889246189,-0.03271893404632252,0.5758453500036469
326,-0.0013831072271252981,0.1976527604456163,-0.12055095722949714,-0.07802918956530656,-0.13723920867429212,0.5758453500036469
327,-0.0013831072271252981,0.10627207939728515,-0.2158624931242738,-0.0962962242759709,0.10657846037275344,0.5758453500036469
328,-0.0013831072271252981,-0.0013884688603857424,-0.10884122449832846,0.19317670745293283,-0.17133803291755434,0.5758453500036469
329,-0.0013831072271252981,-0.10883631695448047,-0.1386259899655559,-0.09594387111223233,0.1955877461303174,0.5758453500036469
330,-0.10883144723549631,0.23498667658317893,0.05501209615269397,0.03311278270832382,0.08566449455465401,0.5758453500036469
331,-0.10883144723549631,0.07342516608298467,0.05718797598467568,-0.15894569591714955,0.1809819798725528,0.5758453500036469
332,-0.10883144723549631,-0.03582026980917627,0.06964011981354776,0.05427892617623926,-0.24000185636161378,0.5758453500036469
333,-0.10883144723549631,-0.1386186990493267,-0.0959280606340963,0.16527812287606233,0.10462187369824912,0.5758453500036469
334,-0.19960825022584713,0.0852353699367392,-0.05197513571611153,-0.1219989321835802,-0.11760331107144573,0.5758453500036469
335,-0.2598077116731641,0.05211911232114949,0.03208232341092174,0.038122861694173144,-0.0763225905934791,0.5758453500036469
336,-0.08803902984012435,-0.09223092400044425,-0.17396665918504578,-0.3224209093925883,0.05785480763789208,0.5758453500036469
337,-0.2046487160871009,0.14346360716364143,-0.13702163437746506,-0.4278717056040595,0.11715652317814283,0.5758453500036469
338,-0.16213747740400053,-0.03563028320730033,-0.23272059681898982,-0.5022213740592858,0.10967949339012201,0.5758453500036469
339,-0.03973380362071999,-0.23360520937895118,-0.27652294443814807,-0.44371962671032494,0.07705220273953878,0.5758453500036469
340,0.13447742653917194,-0.2005848533826886,-0.27005005095037127,-0.4606962263854433,0.14233418952141574,0.5758453500036469
341,0.0018903874985671254,-0.273380004555878,-0.345577853767839,-0.5711873646002004,0.12165876253704053,0.5758453500036469
342,0.2112044621539304,-0.24663044415568702,-0.21335751776160894,-0.2943891275396209,0.09838895316731266,0.5758453500036469
343,0.28524292335153995,-0.13689245520915178,-0.2488704395865572,-0.4683747358572121,0.20526359488634927,0.5758453500036469
