,0,1,2,3,4,5,6,7,8,9,tau
0,-0.004935705235575183,-0.08065702744113024,0.0005851923591643771,-0.09036039088373582,0.05494064801425025,0.02828131424796576,0.018847647949187585,-0.07015870744317443,0.025976820862338657,-0.04505380745338228,0.5758453500036469
1,0.20090592834481624,-0.0950771729436588,0.049088466040221324,-0.15645592143838616,0.14429418630323276,0.08300023621979241,0.0596374661232989,-0.13157341604795858,0.07032258115275813,0.021797426253018393,0.5758453500036469
2,-0.22398206638693993,-0.07804353136899467,-0.050754786128467524,-0.034476427508005614,-0.03117280400327127,-0.025296452984929108,-0.02144270685428451,-0.01606297825821823,-0.016963652548888097,-0.1230229751925751,0.5758453500036469
3,0.1652335279014321,-0.22289405112047533,-0.07574503699420693,-0.13360649623430354,0.2183016694802452,0.13242327089668104,0.09757391111316221,-0.1431835279745315,0.17347550594059075,-0.036709987998326005,0.5758453500036469
4,0.30175351792904115,0.03262799496869917,0.06994295796940475,-0.03586226651696767,0.09309771937118683,0.06057201098537733,0.04663612061497585,-0.04248418202895854,0.04706022786474361,0.1268419090687436,0.5758453500036469
5,-0.1668665411285648,0.06031630444984293,-0.04036888318283216,0.10877603603042457,-0.10670232010962027,-0.06212327333626044,-0.04496798161688653,0.09278691700958697,-0.05218150107125552,-0.028109444722497434,0.5758453500036469
6,-0.3258896493690546,-0.13118472016338745,-0.19608509449015915,0.09365090159207884,-0.035338153808991135,-0.018747351533248358,-0.013401556565394879,0.05665599216946132,0.05044830785253257,-0.1648226536200319,0.5758453500036469
7,-0.02102641400346794,-0.25731287693444427,-0.08494429665100264,-0.1726578525792815,0.17155996058722311,0.09706192471623448,0.06858077947081187,-0.15583971831904564,0.1301824790233984,-0.1291518711920716,0.5758453500036469
8,0.12256793105572439,-0.2660150668754151,-0.20627981225287279,-0.00994285047318677,0.22988909674210456,0.1494355360982857,0.1137607297999495,-0.07649951153431245,0.24827516753160506,-0.051888578721002596,0.5758453500036469
9,0.4065018712802497,-0.04615535286056571,-0.01564875844166491,-0.001198152766433036,0.1867195789523156,0.12511208492784665,0.09717342157246206,-0.04972011063696319,0.15662016456691005,0.1440869754469144,0.5758453500036469
10,0.11621314298092023,0.07176358707710406,0.02565924399150392,0.053383056056807376,-0.0058626325957913394,0.0017007108722546516,0.0034719455793604803,0.03598715666997254,-0.0016371068263894006,0.0806044536781303,0.5758453500036469
11,0.060363516162719844,0.07528437574356128,0.012507631202208436,0.07087169338963939,-0.02983027623654011,-0.013002698850687389,-0.007499410459725908,0.052304000851825405,-0.013538380914242087,0.06225604156789338,0.5758453500036469
12,-0.1224515091096623,0.07362113060516806,-0.15733712908145442,0.2829372213616925,-0.1014868559508344,-0.044274708009735764,-0.026212626545317752,0.1931514788417139,0.02367030924106439,0.019612842453696266,0.5758453500036469
13,-0.27738158132878277,-0.014977830990468899,-0.19250744365789774,0.22087998215586988,-0.09867135188404584,-0.04904932355892272,-0.03248336229625339,0.1520613435031304,0.02394910998749869,-0.08389520480452106,0.5758453500036469
14,-0.27675080452444734,-0.1891723496871548,-0.31281487802828567,0.18896252986776557,0.021887646082590695,0.026509818301377497,0.02392249979204751,0.09473574438246077,0.15236476709849983,-0.15316707393332507,0.5758453500036469
15,-0.04150225308195908,-0.11878164632165933,0.013200657395482984,-0.1519955856642914,0.06813915421496863,0.0314967932355254,0.019321865588980136,-0.11110009058557668,0.020186900069739222,-0.0826768318820239,0.5758453500036469
16,-0.16928916043997486,-0.2810062187836183,-0.1849446042350291,-0.0758200743931069,0.12992467872486635,0.07633358731874706,0.05477650765123143,-0.09042903687060411,0.14677576672195403,-0.18290253732355455,0.5758453500036469
17,-0.03644251501852658,-0.32222975489063654,-0.22399037879162115,-0.059793254233088254,0.20868881065774214,0.13003866816689547,0.09672371441375849,-0.10289283854651635,0.22616602748344738,-0.14318764267613684,0.5758453500036469
18,0.0587375004010271,-0.22789704031012814,-0.2827985127470069,0.12991422515368464,0.17727697571023182,0.1259306610117783,0.0995564063129567,0.019674140389030814,0.25759928474160676,-0.04286192401810629,0.5758453500036469
19,0.3483633458359301,-0.14638844199565768,-0.014502269017405318,-0.11775392705371275,0.23523473591469796,0.14657081090023116,0.10979711575548681,-0.13443405187462593,0.17180177492233867,0.06682703759380448,0.5758453500036469
20,0.38476261638363907,-0.12065566534866919,-0.13734007232980028,0.0774269844578274,0.22853515956580167,0.15830616445964163,0.12446922867065452,-0.018279801229706516,0.24406884570427928,0.11902916804687769,0.5758453500036469
21,-0.012313818432362567,-0.06919092607188737,-0.0013896490761384217,-0.07556295400740876,0.04402189983784832,0.022319822285886137,0.014705730452348076,-0.05827490187354312,0.020732262523314393,-0.04157670466773032,0.5758453500036469
22,0.22156235294461446,0.0781773493900011,-0.08050144245326074,0.2098212581169272,0.027580809881117774,0.03704719999989811,0.035340516132459365,0.11866545749888147,0.09025454590732573,0.1474048944401618,0.5758453500036469
23,0.15471630381385781,-0.06612666645877208,-0.010324757768713805,-0.0483382819455529,0.10518021948837875,0.06587205888783315,0.049465331639372445,-0.05764126986030238,0.07887930385943495,0.029836057400916882,0.5758453500036469
24,-0.15063698604144604,-0.03097627727515495,-0.03502784639517878,0.0018033465944418126,-0.03613243711040437,-0.024831081889708284,-0.01963885246170244,0.008553952556707545,-0.018347308504066795,-0.07111642152577291,0.5758453500036469
25,-0.2455069495223336,-0.1731284349422193,-0.09969409203073143,-0.07581044197133438,0.026650528723440536,0.008623955411428741,0.002985585230236981,-0.059224274087582574,0.03659306783664629,-0.1729709213848173,0.5758453500036469
26,-0.18594144980824034,-0.2538503889043229,-0.2811618487986871,0.08158921249013229,0.1025796227321536,0.07110255413420985,0.05520138110784381,0.00905656450300274,0.186314925239503,-0.15669041092258207,0.5758453500036469
27,-0.09516824679554167,-0.29500684554806833,-0.3093904269335883,0.08024087529030183,0.16551590478008532,0.11271742141891367,0.08724376173603804,-0.00951941957228078,0.24593056523353662,-0.13616824764298516,0.5758453500036469
28,-0.01786197885476265,-0.12988210694350122,-0.27223370762358357,0.21877213649276492,0.07933709125949773,0.06881983872930225,0.0583353728083254,0.1005850081695508,0.1928812444153718,-0.023941385512083274,0.5758453500036469
29,0.17753106387279294,-0.20697258658286632,-0.07961120171480247,-0.10995193637606637,0.21168709833532784,0.13016735641746024,0.09660695867412705,-0.12701917632046722,0.17413748708143184,-0.022479762447996654,0.5758453500036469
30,0.1863704969408695,-0.0829508258307532,-0.14848533951035345,0.1198984698244756,0.12634808475355808,0.09344853150972687,0.0753579969333652,0.03380028971336413,0.17298558438305256,0.06040680966322265,0.5758453500036469
31,-0.131374627670664,-0.042467739392915815,0.015087026309909879,-0.041735911820304165,0.027088540486368107,-0.1455647508318677,-0.04539421665221055,0.07415473790830127,-0.035999354430219954,-0.2784960356805861,0.5758453500036469
32,-0.04623210523403287,0.06979137246884648,0.00929255717155586,-0.0759381204295872,-0.22474147566192848,0.008932854756615649,0.008360856575255649,-0.07541638025992697,-0.06647133023776164,-0.05878872786316913,0.5758453500036469
33,-0.14152961346009718,-0.22197541406014887,-0.016667258373374017,0.08358091722754765,0.06694428594316659,0.034010172966591035,0.021327688986024884,-0.027793039493887728,-0.12889712225588185,-0.09460767373623424,0.5758453500036469
34,0.0549253569054029,0.046525692563454624,-0.03492864468441126,0.10204876634716512,-0.01257488477408919,0.0006296663641184308,0.003698704754581006,0.06464099465411427,0.021436665481943784,0.05387553947589785,0.5758453500036469
35,-0.22622112191180666,0.05963239056490999,0.0024294944739347013,0.09056038563280874,-0.026909226426620192,0.1446668938080592,-0.11772316072806177,-0.06939368680011782,-0.08190402629536264,-0.032018274853618856,0.5758453500036469
36,-0.1521373259586376,0.171642129165822,-0.0024298728709866158,0.056250918151967866,-0.13242425128935176,0.08378865523505274,0.03068892224691233,0.02914246460013037,-0.078124921392213,-0.021752087461920144,0.5758453500036469
37,-0.2524898848793029,-0.1453410760163577,0.11880279080724843,0.08263087421765057,0.0027293866771345154,0.00574286432599036,0.0052526224410627265,0.039873268583386884,-0.00114938651910379,0.05278699739581638,0.5758453500036469
38,-0.2191458564421449,-0.07533062808060553,-0.19224208011288213,0.1579078688356863,-0.034024006788826444,-0.011619874222132953,-0.005557180605055945,0.0963645427956015,0.06356527919584676,-0.09233995785480031,0.5758453500036469
39,-0.07559626245140705,-0.12373583646790176,0.023184804075251364,-0.17324416998659603,0.058864497056979576,0.02342416326564565,0.012399313771486557,-0.12134806319773717,0.005207524436759481,-0.10113021363841179,0.5758453500036469
40,-0.22817426325995083,-0.036515959384771035,-0.08395232529634611,0.055519576878404364,-0.06266551352309516,-0.03850799993632279,-0.02892206925875739,0.04607498887257372,-0.013944766301755063,-0.0962299616756983,0.5758453500036469
41,-0.3069645744860088,-0.17952121929705944,-0.23429023164331686,0.0925717209962866,0.005147866553485259,0.007596338498408295,0.0066570603134906425,0.04349944946122741,0.09488452608279196,-0.17547528587554334,0.5758453500036469
42,-0.09427391322589407,-0.16966794921341022,-0.30242801158978094,0.20965858662157083,0.07771862535248547,0.06624521403755196,0.055688637012922315,0.09373156692784024,0.198920907808662,-0.07043378919982601,0.5758453500036469
43,0.17851830609062713,-0.14463683929280668,-0.031339650873769886,-0.07303795446393835,0.21272471692739459,0.13785289009315677,0.24391318366767883,-0.05224393503292246,0.046456569018712535,0.03504218546259795,0.5758453500036469
44,0.2790862569594814,-0.17985182095101704,-0.04423172382428764,-0.09082890047209091,0.13400387740532715,0.2618810619902893,0.16481856590041927,-0.10784573489477456,0.12175171876623869,-0.09527700378042606,0.5758453500036469
45,0.10126208320473862,-0.12876623704966927,-0.03181081502379096,-0.2138127132706648,0.12742671591796073,0.07019788636971458,0.19300981163757197,-0.1892901337912677,0.13202424823075654,0.04102485161440429,0.5758453500036469
46,0.1386200124028113,-0.13073938876327862,-0.1833485521085789,-0.09944814731570506,0.1557410965060937,0.23636632342353736,-0.01813593379788353,-0.08605199421269583,0.14548753380424784,0.055447869146486764,0.5758453500036469
47,0.1413826253770717,-0.14220583997127345,-0.18239372390639974,-0.23094939847530366,0.22340932575397598,0.13778327029045423,-0.024901006663818503,-0.15631971951972762,0.14980071235933612,-0.08030378273582994,0.5758453500036469
48,0.03860688105862309,-0.2610358538674118,-0.05111690356638049,-0.06439973689818801,0.11306744316390227,0.07116120732010767,0.054334901914247336,-0.065623837615289,0.2413100640823339,0.06600249992212774,0.5758453500036469
49,0.12053960752148818,-0.28009492839594086,-0.06551719193833372,-0.2137336536266542,0.24179895728836243,0.1407404682751492,0.10134450202566808,-0.0762206633912873,0.07028522616731225,-0.14710657434603303,0.5758453500036469
50,0.2479696211144372,-0.10701735467022389,-0.0313683852001061,-0.10541292058133417,0.3297632461841199,0.2095613354726873,0.15827794732859912,-0.15569342397873237,0.15368704385363763,0.03813048909004317,0.5758453500036469
51,0.255654028639565,-0.22077526632023203,-0.06262421038934124,-0.11062831019780317,0.3243657578840332,0.2082824713174397,0.15899164734141302,-0.040400856079342184,0.20885830269974426,-0.09440099615763439,0.5758453500036469
52,0.25843087574497026,-0.2250323172461427,-0.06288227879380776,-0.11430269067454163,0.2077781714847986,0.16691535550893555,0.23550549715320523,-0.244123489687589,0.16494672971086655,0.024399421033217447,0.5758453500036469
53,0.2681913667900798,-0.2308469736488714,-0.06627058867357632,-0.23543117707468542,0.2954692697788701,0.17585358886198416,0.023459856061911366,-0.17526870321020027,0.17673170030043395,0.011270080913421326,0.5758453500036469
54,0.16708114953647601,-0.19728332830768402,-0.18277314474146805,-0.12894795247438928,0.24110268230640053,0.1448178202858218,0.10446270527744028,-0.2642078830667643,0.26619674344300004,-0.08380535424013336,0.5758453500036469
55,0.0963647039381601,-0.3089104637209882,-0.08408945131279316,-0.11114199504645089,0.21373641622343564,0.13130450406596783,0.22213468980758394,-0.07309748043406028,0.21338136495082438,0.07900541490869901,0.5758453500036469
56,0.11756722248842155,-0.30323400615724116,-0.20307071302276233,-0.05576016592901961,0.25426388854833715,0.16149282463245923,0.12157175354565042,-0.1110193672719022,0.2577193590710727,-0.07435455741125882,0.5758453500036469
57,-0.15219432487979256,-0.035216354671799066,0.029070652762864413,-0.029747993715364407,-0.10410336894379849,0.003947332827445749,0.016789700158092502,0.07576661827182118,-0.114834867417137,-0.3741965898809776,0.5758453500036469
58,-0.08647933504083183,0.06137186682658746,-0.09685517547612875,0.011314417052992465,7.79482764403372e-05,-0.05774277327300181,-0.16550582499404362,0.17085815843350177,-0.04603823092342846,-0.2137297691151736,0.5758453500036469
59,-0.05929144004801279,-0.09546736009267379,0.041440290736526206,0.04094536680901956,0.011784718269247152,-0.17846926566228927,-0.05141804906640035,0.1597057548139586,0.10822193838532995,-0.13232841083162006,0.5758453500036469
60,-0.2990217645756009,0.07787949586306131,0.06004694733344008,-0.03440316170115848,0.05764622601534544,-0.11787400666523462,-0.027075801874999528,0.06444089041910872,-0.13662529535773432,-0.2960067173223522,0.5758453500036469
61,-0.17180546493665616,0.022069053511056924,0.08304969001558318,-0.0078886698941536,-0.061712026104799506,-0.24284599638249849,0.045697760111108265,0.04586387235374623,-0.14670151477636378,-0.3521073064305609,0.5758453500036469
62,-0.07699107790609927,0.0589207306006414,-0.028595955625354844,-0.03340482065320388,0.05692991674111175,-0.240310832252132,-0.07234579616101067,0.016113887770876856,0.017870681950988676,-0.42902563592087506,0.5758453500036469
63,-0.08471879786665237,-0.08674617851625427,-0.05479473095974789,0.03026176453249213,0.10735486899299534,-0.19796894466029125,-0.03603758528812562,0.1685710820291889,0.03421075806806689,-0.40896508982050506,0.5758453500036469
64,-0.064078670800787,0.08523368086932515,-0.12584353509335616,-0.09284986046167765,-0.22335699093095984,-0.14810335458120655,-0.08823461304761243,-0.05992484761968564,-0.18008933782339986,-0.06930940280020836,0.5758453500036469
65,-0.005737725847133279,0.20419147583994024,0.08599211380646504,-0.05859619489148937,-0.2929665999583282,0.056328943984784205,-0.09999697313357955,-0.14351354727918142,0.03809476382866628,-0.12009753751765506,0.5758453500036469
66,0.09885847884392485,0.13711773715537778,-0.06523773388614336,-0.016085151044606283,-0.3618222619878133,0.0724534400233915,0.06270816400418985,-0.08559292539427954,-0.02064304894675706,-0.01770968238927173,0.5758453500036469
67,-0.14533268833054014,-0.20031338562671763,-0.1435553267455555,0.07827447667728138,0.06096621185014095,-0.11636618315448805,-0.07058962909855923,-0.009908565329664498,-0.2478604557819405,-0.09614610815953151,0.5758453500036469
68,-0.11472955250175798,-0.2576581579239954,0.05604680508953383,0.24479305322428568,0.16386589585403188,0.10347908310915455,-0.06772882991227333,-0.05190549756828203,-0.10075681542934611,-0.14496281683400558,0.5758453500036469
69,-0.15748266219992169,-0.3659713115207075,-0.12901134644633566,0.14499459553570093,0.15210536841256256,0.09065704486178555,0.06458583756564718,-0.03161010340866027,-0.05910930956614657,-0.13844343701076167,0.5758453500036469
70,-0.11171554812912832,0.09093603446938237,-0.045645839446065706,-0.12467344399292676,0.014734036446796944,-0.05626870027648645,-0.15716951000762536,0.15439012921369022,-0.11079352548303459,-0.3823064718579803,0.5758453500036469
71,-0.07831702385835715,-0.060720449965854295,-0.029604965663427074,-0.008806551086889713,0.05800976258005649,-0.06555753219206994,-0.1269235858349207,0.28141116880083916,-0.04611620878672412,-0.35295080191092043,0.5758453500036469
72,-0.10227577940605426,0.16039564800623296,-0.06754808361805487,0.1838514219611414,-0.05552186835907925,-0.0677215928820954,-0.20273228091207884,0.15981668611987,-0.08174259590480021,-0.3085411086938825,0.5758453500036469
73,0.01852472809207162,0.15247409421305846,-0.10749413788479834,0.14837019864687073,-0.02512504962967546,-0.12358336125504393,-0.12237201226759153,0.22608639535327568,-0.14834970670158285,-0.22197176357988746,0.5758453500036469
74,-0.007783575658001807,0.05354693958420209,-0.22760409597206677,0.10824203676663342,0.06280112756581215,-0.025458338808957703,-0.19010947657980948,0.2722398259498948,0.035039395638174264,-0.24598272573609914,0.5758453500036469
75,-0.1779225816941159,0.04185847750304417,-0.13110945683292227,-0.15698610458648676,-0.00795602834667053,-0.1709942431389139,-0.15930192443152907,0.06772947542917529,-0.19250284814753493,-0.32524627896851954,0.5758453500036469
76,-0.17623288160833972,0.11924032119117656,0.024034962840330354,-0.15313277040090778,0.041862534689943616,-0.0224229457653726,-0.215260595952398,0.07539657880548545,-0.02357008693498841,-0.48771727899841566,0.5758453500036469
77,-0.1482946079664637,0.06084493930597146,-0.1188163110004765,-0.15266997855391234,0.060407528199253435,-0.036757316845417914,-0.1562402329058878,0.19123040937811459,-0.09001957125714971,-0.5375468590121709,0.5758453500036469
78,-0.14173096182740852,-0.020043936966945813,-0.12900868710066393,-0.283073636758085,0.07032111585000844,-0.14627419216970622,-0.15912763666882368,0.009622533801801059,-0.18122608413592345,-0.4114845414846878,0.5758453500036469
79,-0.22573093199044703,-0.01258299819137959,-0.27748948477207136,-0.15088581084042402,0.02191700374107097,-0.22566375186636783,-0.17582529929912916,0.07509866350422523,-0.20201387221703848,-0.3887953585294137,0.5758453500036469
80,0.010403450884207244,0.04540003717981241,-0.12554489489599777,-0.3103178605186518,0.10329693418040733,-0.1755357175004704,-0.17877167702834615,0.022474546069612432,-0.22084953049569933,-0.3852308854285592,0.5758453500036469
81,-0.10915062930557273,-0.04331836224353764,-0.22416404341549054,-0.31008252764522876,0.13189166405130945,-0.1601265399729086,-0.18214408469751883,0.03656904354212087,-0.17548962081812203,-0.5055216810862072,0.5758453500036469
82,0.029450463481153148,-0.027004300298640246,-0.15782220912756434,-0.3519394285272763,0.12370357356309716,-0.21269592448335814,-0.14045726965568084,-0.08778629902075416,-0.2329811793486254,-0.29236337801135526,0.5758453500036469
83,0.08002583130892035,0.04367528153388306,-0.23954038027124003,-0.31623304356116055,0.1519291170126562,-0.23046043907732516,-0.20053465192662345,0.03934830588127268,-0.24502854634360155,-0.4136612475961434,0.5758453500036469
84,0.13492016302486495,-0.04070468559619481,-0.09839459330647232,-0.390582269028659,0.18633855524785334,-0.12649919270575766,-0.11430752848406656,-0.09771416249920503,-0.16586970338855272,-0.30385266086773133,0.5758453500036469
85,0.07372226171081754,-0.08923281202229812,-0.2669102456332473,-0.38481834241850166,0.19157805876255626,-0.23956077235053025,-0.1356605956927123,-0.11834101347390864,-0.22411555841561004,-0.31919105861813035,0.5758453500036469
86,0.0798642541028434,-0.1563823139884298,-0.2323011469829397,-0.4136515953181233,0.22586333282813584,-0.17390317881668893,-0.09268445711384471,-0.1713903528115204,-0.15958983844262853,-0.30588248242480753,0.5758453500036469
87,0.17400418058896253,-0.09445412274416669,-0.32637070138277324,-0.3847322140264314,0.2474810412933927,-0.24143966127906205,-0.13310650356544151,-0.10866890090533399,-0.20660557145116906,-0.32020683788661286,0.5758453500036469
88,0.032083256271920546,-0.20992001888437262,-0.08336694239557735,-0.11855414069941705,0.1584011672207961,0.09343805987392281,0.0676760745425235,-0.1188168121176485,0.13011501021838712,-0.08259032540099431,0.5758453500036469
89,0.10404834314802269,0.0014021163303117312,0.09318284036339008,-0.11553797585340186,0.0403938090706335,0.0179610089804621,0.010920985167003433,-0.07705105905842191,-0.01936756627345783,0.02518398327623461,0.5758453500036469
90,-0.049062802532708005,0.03243053952257058,0.053221400388892226,-0.03872635425070936,-0.04044483240258223,-0.029831368583841056,-0.02400997682326078,-0.010728967775504361,-0.05718504353005842,-0.012987612599628884,0.5758453500036469
91,-0.11054189535114878,0.013778692248888558,-0.15746315422195767,0.2177530624747201,-0.05481623999504304,-0.019152432136397723,-0.0089477443714307,0.14069666735657277,0.04830910613670589,-0.0073613243520016525,0.5758453500036469
92,-0.35142341993043735,-0.22879680589066065,-0.2858389100283195,0.00445091132673342,0.021014039662454347,0.1331436456593705,0.06932312856360547,-0.04707603600110638,0.11470721540278683,-0.19274091384964398,0.5758453500036469
93,-0.2543662793227055,-0.25998002436286427,-0.14722624511067717,0.03916818159264113,0.0019030702174317599,0.14394315422262205,0.05602722820282258,0.05087693509476382,0.07527112332738856,-0.06712075858685207,0.5758453500036469
94,-0.3635648431997013,-0.15394913218186324,-0.23464082989278712,0.26216255046421166,-0.05084263377359577,0.041878719140393615,0.03491973767075012,-0.029972849721678102,0.1027108100662128,-0.1948152649122772,0.5758453500036469
95,-0.3239127450434527,-0.1307891271627868,-0.337548998454828,0.22909916324541535,-0.05608614496197435,0.03188358578986304,0.027825736117113035,0.06522430557646067,0.022609539810599932,-0.1258269686681761,0.5758453500036469
96,-0.29942359850454503,-0.04873976031053051,-0.1258786991377686,0.09293930456373845,-0.08196344639599977,-0.04874221226828329,-0.03602281218421145,0.07200193105864468,-0.009142449040767164,-0.12368771636438636,0.5758453500036469
97,-0.15888348882934356,0.14864314883492558,0.12594302532361334,-0.015150065790741074,-0.16260834734264584,-0.10823407482185399,-0.08343074476366086,0.03928538630341316,-0.1740725817353379,-0.009897284822234287,0.5758453500036469
98,-0.06297900823804614,0.0200957660129939,0.18401180801186356,-0.22810966755651174,-0.03447872039348221,-0.04134238906983523,-0.038218942999244776,-0.12267276475530642,-0.13128840904312256,-0.05043013550774944,0.5758453500036469
99,0.08756795682213969,0.050490406942094654,-0.053552996268909636,0.1336433724660271,-0.0033247673352429508,0.009503493106109318,0.011515658916963711,0.08084654787070678,0.041166987516346676,0.07287606048988467,0.5758453500036469
100,-0.027667148848267487,-0.06690641678198128,-0.2712790699155758,0.2864652524105131,0.03127600268896541,0.043020202949834774,0.04064018560599164,0.15499837678439765,0.1673727915340898,0.0053982611732530245,0.5758453500036469
101,0.15462300020866523,-0.03355189842424183,-0.19265854258545678,0.231303928746045,0.07862175778657288,0.07115402223266101,0.06144292896669287,0.11280898651988636,0.1705438782229528,0.08227672021175145,0.5758453500036469
102,-0.014794878330387645,-0.18900401597556651,-0.3321133188440696,0.23359097418361396,0.12096541083205727,0.09701788349063602,0.08016365020928876,0.09582828474931837,0.24814694021480155,-0.04261895989845135,0.5758453500036469
103,0.09464162597611692,-0.057052205799707045,-0.08343947422012266,0.05510880400618112,0.07451747381725843,0.05370036300857289,0.042840704858793155,0.010481081771775869,0.09754822567522314,0.024278530716591085,0.5758453500036469
104,0.256103295214809,-0.124472474915398,-0.22122596496232694,0.17611928336614002,0.18066938768643354,0.13389316960450676,0.10803434428917272,0.05075159610538604,0.2510414140296152,0.08073994723542893,0.5758453500036469
105,0.1467940295011009,-0.16824992115367388,-0.26801619247447384,0.18242041755248894,0.16903116472143165,0.12572443307538936,0.1013969820869145,0.05514843092731858,0.25716673242900734,0.021916818302518598,0.5758453500036469
106,-0.058042283499611096,-0.28092541135256005,-0.3215075143373386,0.1146522272654732,0.16947302578684917,0.11843456796107138,0.0927721151385231,0.010146302723870682,0.2599395097140099,-0.11121036435258157,0.5758453500036469
107,0.09394033254619288,-0.26684691134560723,-0.2593953626696045,0.058064660489430764,0.21854972939159834,0.14726081252391884,0.11388724496580352,-0.03425938300826926,0.26927507250052507,-0.05375940232809734,0.5758453500036469
108,-0.13207691436285857,-0.3064028800120031,-0.24980508063156337,-0.014605775265154719,0.16068241114976062,0.10157370535856025,0.07587773078025783,-0.06388397708587876,0.20425707820652617,-0.16875670681876873,0.5758453500036469
109,0.1822597401343229,-0.12102312485836586,0.01870067967505585,-0.1458861711409957,0.15488279116526593,0.09051810990366638,0.0655352150896526,-0.12938009822877294,0.09041407482740504,0.006246431549448539,0.5758453500036469
110,0.2765833077094957,-0.25179948095123006,-0.10907936395504471,-0.11311484105785258,0.2803311096110769,0.17542067251977056,0.131404431050834,-0.14825824394342008,0.23840770371986086,-0.0002988365979902652,0.5758453500036469
111,0.3400339826025618,-0.2093619641389581,-0.13470423387690006,-0.027412026063081796,0.2740588546261034,0.17890803455662618,0.13685317606474187,-0.09487788570203701,0.2587693952428629,0.05308147902562954,0.5758453500036469
112,0.27474919373094975,-0.16674820910048485,-0.23699507136462636,0.1517485703853071,0.2172214542973711,0.15581144704652877,0.12407069972251428,0.025371610810885833,0.28062017916964765,0.06887538164846235,0.5758453500036469
113,0.1812317770414591,-0.10220661929791461,0.04463618281119036,-0.15979556573815623,0.14174929572743955,0.08087843987822402,0.057821104726963446,-0.13322688120730003,0.06892407736540646,0.010844213420404758,0.5758453500036469
114,-0.09772693549602018,-0.11276686261312152,-0.16313717225352709,0.08625552948363602,0.03906738411458344,0.03123856864558494,0.02559840062755825,0.03465615675333078,0.09945410576812264,-0.06840021218329406,0.5758453500036469
115,0.22473100272290258,0.001997674776152425,0.006575675299530848,0.009430841751979724,0.08414754475514674,0.0576163065094214,0.04524782742948347,-0.015493624524916205,0.068467186047804,0.09136709612215008,0.5758453500036469
116,-0.0031890807539332044,-0.18174900686847661,-0.09342026598735434,-0.07647012506394324,0.12495555352229748,0.07478490219925327,0.05452683740114511,-0.08464040494944036,0.11460743339385071,-0.08003111366387171,0.5758453500036469
117,0.26092767085895696,-0.16466646013525882,-0.0418432755332539,-0.10767181850752278,0.21433435551052304,0.13293146332782474,0.09924229581634852,-0.12426153526191128,0.16521375078195089,0.026740467356490757,0.5758453500036469
118,0.2328513242397643,-0.29358438347407134,-0.20059427211868733,-0.0401828303507897,0.29133855476603454,0.18796559233589266,0.142750479528218,-0.1107862116074029,0.290364332212563,-0.022720991560000542,0.5758453500036469
119,0.37480850610895583,-0.167257502630818,-0.2208510400201606,0.15870212410752504,0.18221244696054556,0.17006254729057046,0.12978872349443277,-0.01633758574578975,0.2990869994984908,0.19709782977546167,0.5758453500036469
120,0.34090436384545253,-0.12319453135823971,-0.29089171702360417,0.11824838134670879,0.221645541300456,0.04828580562128504,0.0587676218900417,0.022297158044496057,0.28272707414747655,0.15534110280542507,0.5758453500036469
121,0.23211831410528683,-0.23871847483897066,-0.20957843559397615,0.03246405148801573,0.252242370558441,0.1684676104025662,0.1300278929181629,0.05006210957785666,0.3024837364522628,-0.034921858137531125,0.5758453500036469
122,0.3132701369745309,-0.18318009197469176,-0.3001558100934581,0.24491620988530857,0.2978585285319878,0.2192726701520456,0.08633209722024943,0.02568416060571218,0.2855438189341378,0.0447455016339213,0.5758453500036469
123,0.2650947917898573,-0.13383475076735357,-0.3444212423628148,0.18539070788951817,0.2251329579952553,0.16112219208297457,0.22810631349068045,0.08844761974222766,0.2381690766899094,0.04656790903720273,0.5758453500036469
124,0.11516989606274408,-0.16965749293338755,-0.2779496934710483,0.19188282248786814,0.1578063461130384,0.11888392262080616,0.09629850583683319,0.06337626119667965,0.25300880749987276,0.010196205793721852,0.5758453500036469
125,0.38925301115068844,-0.04620047723832959,-0.03337500275512309,0.021207094922966976,0.1798465231913482,0.12228161244984626,0.09556720741819785,-0.03500737168801141,0.16105282869535864,0.14045089566391833,0.5758453500036469
126,0.19691675561685695,-0.005071903295689902,-0.1325052591967319,0.18545261973440996,0.07582205850066837,0.06609079551678632,0.05653561311180155,0.08832908526683136,0.14043470302015915,0.10307551649691393,0.5758453500036469
127,0.35409814748369883,-0.1463967915114987,-0.02619490438776602,-0.10173237563075438,0.23719089249941777,0.14918651704378433,0.11227044857198587,-0.12563189482353268,0.18026720078425668,0.07141284290865518,0.5758453500036469
128,0.4125214981272767,-0.12369597625013842,-0.1407974318109452,0.08066008953992461,0.2411602691288281,0.16703505802846874,0.13134000904987186,-0.019715524695656447,0.2560743707012115,0.1293881950433649,0.5758453500036469
129,0.3786793010673891,-0.20473955101791202,-0.13436228930314323,-0.020002811713280444,0.2855000432549982,0.18731862574476335,0.14366341116202194,-0.09321523288917447,0.2695081288291221,0.07122267389188908,0.5758453500036469
130,0.3415647172102444,-0.1826107041111042,-0.24036265699708115,0.1434589911308466,0.25372507625460866,0.17949159647102042,0.1421755031526909,0.010640263634407385,0.30967613844888364,0.08830688190841668,0.5758453500036469
131,0.2990841213716501,-0.1659859254091754,-0.05013339709239467,-0.09533748543319193,0.22960493534270543,0.14421448848311763,0.10836891494185899,-0.12099555307947026,0.18272450497552506,0.04318352050608318,0.5758453500036469
132,0.287393745054613,-0.28699321297473657,-0.19562724929864192,-0.03564288302867075,0.3075268688678005,0.19938639463789426,0.15185249241149593,-0.11187827643234247,0.30296486152659613,0.0020542921332317166,0.5758453500036469
133,0.31392452630633183,-0.05548088874677526,-0.054399880427291825,0.033666292303271894,0.15733555551095868,0.10791545875892355,0.08459763942498938,-0.022606888672963732,0.1517107026704516,0.1088693470149558,0.5758453500036469
134,0.10696028045416117,-0.19583892548128906,-0.07404651657313006,-0.11009661652027758,0.1771296049826686,0.10703090678910115,0.07865278918292068,-0.11790115369868043,0.14425931466849262,-0.046381792447672404,0.5758453500036469
135,0.3870764373056734,-0.1214554119890407,-0.15206104201652101,0.0963754949481139,0.22968881280474207,0.16060178998867802,0.12676378324070509,-0.007618435932263162,0.25340893790388974,0.1223834461705064,0.5758453500036469
136,0.20340947534610132,-0.037574507311157024,-0.15436212810655942,0.17916158210461308,0.10075181692255919,0.08180614026083632,0.06831335792003512,0.07682869772799254,0.16612892556918468,0.09263394025777133,0.5758453500036469
137,0.20320187938513046,-0.16394255745675218,-0.24767954543598536,0.1640316800273781,0.18783888538551552,0.13701770634722416,0.10975923537030557,0.0399892606561732,0.2624829651683851,0.04327450128434218,0.5758453500036469
138,-0.0007916000661640776,-0.07442818276464738,-0.21692625744606764,0.20743867012346662,0.04785697825860913,0.04768691314790696,0.04207978812916463,0.1046411698159353,0.14799646031309466,0.0018704958864883547,0.5758453500036469
139,0.23026295631041066,-0.20301650800984733,-0.16675539974936304,0.014612161207969265,0.22723391253424197,0.15080751612827936,0.11611314584713839,-0.05846955211784627,0.23907889213535938,0.017907595645177937,0.5758453500036469
140,0.08890403581794781,-0.26062346012572807,-0.3204729705398065,0.1461953683953507,0.2110526469805425,0.14943915625247,0.1180232545142984,0.019039941846198158,0.2999798342202781,-0.040727777037934565,0.5758453500036469
141,0.2057410688336977,-0.0890919131908523,-0.049239468725821744,-0.01811610686605044,0.13998559188840698,0.09138551885063073,0.06996886208702013,-0.04996363883598762,0.12534635475728095,0.04590374314243642,0.5758453500036469
142,0.1192001812389889,-0.2822079412373896,-0.15671307101129434,-0.09432136980237207,0.24098682067145183,0.14980493091539948,0.11161642127555632,-0.12901824106351592,0.2247950757293833,-0.07143239137577238,0.5758453500036469
143,0.2014778800993744,-0.029797806197145338,-0.1380638537443764,0.16585115484628962,0.0948606891606687,0.07689817760618789,0.064200222506139,0.07096908704044463,0.153607991377106,0.09284491673744183,0.5758453500036469
144,0.003207720818656723,-0.055205693365399267,-0.01783443243616606,-0.037014651842621094,0.03974944653583079,0.02281294407809764,0.01626682951998948,-0.034154706692552605,0.030212894360223563,-0.024639115096959707,0.5758453500036469
145,0.09089892142071443,-0.19531452848006436,-0.032204920079559884,-0.1665642999788891,0.17147679390978887,0.09865951614787533,0.07060207582454525,-0.149210445081696,0.11524137711448112,-0.060711219975404046,0.5758453500036469
146,-0.045965621432797144,-0.33123575199273203,-0.20841073329123577,-0.0912501335124129,0.21171762372425196,0.12937231381846243,0.09526744625512507,-0.12234194738642601,0.2173961718087034,-0.1548641071328512,0.5758453500036469
147,0.18660385771111582,-0.08256992590819756,-0.042184294235453,-0.021690497042474277,0.12825635377289357,0.08329914191051102,0.06362468247819225,-0.04877744815783913,0.1129001076587135,0.04021752069804174,0.5758453500036469
148,-0.08687071783446731,-0.1422894081283108,-0.004693046319897781,-0.1573250119201104,0.06709823694813077,0.02992288817392419,0.017718401854042998,-0.11509619232270574,0.0237142017983778,-0.11022657111932577,0.5758453500036469
149,0.20485167733649678,-0.18835557073737563,-0.17557473979234972,0.040804285719081346,0.20707585408911244,0.13958852364495644,0.1082057645018566,-0.03750598788976722,0.2307465945175855,0.01705630406526293,0.5758453500036469
150,0.09927299612243212,-0.02208263809391997,-0.12662793786638027,0.15182716371756805,0.05080126001415741,0.04616007788378951,0.039904791144723784,0.07424621789199803,0.111339347259797,0.05310189443218477,0.5758453500036469
151,0.12394164288062459,-0.28136623009513073,-0.1657748198886163,-0.08094526947536954,0.24201837591529685,0.15159842721559275,0.11338504584604164,-0.12147681413554404,0.23115858354974173,-0.06730593929757574,0.5758453500036469
152,0.10181083701131266,-0.2525960189299291,-0.2938858039764613,0.12047238558771586,0.21082741720543496,0.14735817630269055,0.11578485357624929,0.004575519920581028,0.2863734231893158,-0.0363200923266232,0.5758453500036469
153,0.2039152369972439,-0.24208681291558254,-0.3957291896452844,0.12122166536255521,0.2509567698245708,0.06895919404974171,0.07331047161628707,0.010385242722953474,0.24675618141616862,0.001904495997684691,0.5758453500036469
154,0.06290269238698029,-0.23061949410372196,-0.300467305906296,0.17830514509989448,0.24364477185708966,0.17663768584978545,0.03863107211391753,-0.006171389367659416,0.4019464149477066,-0.10440439612079054,0.5758453500036469
155,-0.04146793965541806,-0.25894075384629067,-0.35105279619270113,0.1796282369454827,0.15970961066146244,0.11750622466858107,0.09401437453485126,0.05136515149986487,0.27439167789223085,-0.08706125540904752,0.5758453500036469
156,0.1801324858632694,-0.24222064063333915,-0.41114912233137935,0.13326267224853725,0.27170964548068294,0.06686218262354873,0.07650795645015995,0.10863201353773111,0.3035020758158536,-0.10848989426419016,0.5758453500036469
157,0.1812450817491018,-0.26508845321714686,-0.347909491779014,0.16811289221124776,0.17336497624102176,0.13806741686894575,0.10855155737025711,-0.012959608017584737,0.30906477194388904,0.0887484172281111,0.5758453500036469
158,0.25735485261841184,-0.25873831193750824,-0.4368355881006587,0.0695538792824574,0.1997872534841812,0.10434831959454295,0.10315128495174851,0.024139385815741897,0.34323626960668074,-0.05281690767619841,0.5758453500036469
159,0.1705116516671455,-0.14573632239723766,-0.30930789869582975,0.1077743349910005,0.172250947571784,0.015032702300753792,0.03206651332620433,0.02727565648743628,0.266267395102251,0.0888327564472481,0.5758453500036469
160,0.20776804078914213,-0.3157391633595888,-0.4351136430929575,0.11170261529725581,0.25738496492080887,0.023359811003682007,0.1353743789521954,0.04718339047140685,0.22360536365267497,-0.10186655965194943,0.5758453500036469
161,0.20097615036612637,-0.30896303436276257,-0.4180221513317053,0.01199931718925834,0.3010064373488993,0.04822573378947141,0.061342353018444706,0.024335297920308786,0.2498101434158581,-0.07765279462182097,0.5758453500036469
162,0.2278345881513109,-0.2773673274695867,-0.41375748153192515,0.1908888879250471,0.3448582772109793,0.097047337745669,0.10253595571790551,-0.04357388075263077,0.2896081267116452,-0.003278175154165075,0.5758453500036469
163,0.29683435114452017,-0.22081933461260544,-0.4092982402955003,0.18413772470326362,0.3274319025855447,0.1212884472556505,0.027484375419984525,-0.0030496767320175276,0.22032565396297532,0.008613096455028259,0.5758453500036469
164,0.26833876931908085,-0.25241013107806737,-0.47550931478383396,0.08979162263549931,0.30839760737891375,0.13656441252359103,0.1153269104497258,0.03928568734172421,0.24840969005306968,-0.011778762926210995,0.5758453500036469
165,0.25017979062213536,-0.19135858003873973,-0.4832069769207148,0.1291206549175133,0.26723758792258445,0.05420202779383458,0.15689151745274854,0.05693689685214335,0.1836296111642835,0.006355812609843456,0.5758453500036469
166,0.24003299496223568,-0.3113349856563377,-0.4904690895242752,0.13016724375139066,0.29502701180749336,0.09988508810703013,0.08490745441883099,0.03807511887449048,0.19015746343751122,-0.018606794340715816,0.5758453500036469
167,0.17680317819142854,-0.2590873517553683,-0.5122059176294951,0.12952393891590955,0.25913431847938906,-0.011966603076693172,0.025463433601453006,0.02453910371054617,0.2057093834384479,-0.01921894902316836,0.5758453500036469
168,0.03475990869367636,-0.2837569025717377,-0.2696840345101901,0.08062977553794659,0.28072557273795484,0.19309798355370977,0.03262616035915733,-0.0804698851909698,0.4141944843191228,-0.16014283172731292,0.5758453500036469
169,-0.04521166693851447,-0.2159009409842289,-0.30992959093446215,0.21482969834264,0.2271680449116017,0.16987275651467101,-0.022151918318131306,-0.0008117119375334759,0.44062622090068454,-0.17507459140719822,0.5758453500036469
170,0.16564783202477434,-0.31483159521199644,-0.4740545012582836,0.19689037153508016,0.1718912130917047,0.09158990185645688,0.08126170286983844,-0.014883668101594603,0.31297144697858265,0.10547593891507025,0.5758453500036469
171,0.18042633463837837,-0.2404573194653925,-0.31649235681261123,0.21962742545672792,0.1828028531629044,0.1878803450926217,0.051420638114943074,-0.04157299753578478,0.4266389089422072,0.077572066849492,0.5758453500036469
172,0.0647251085375794,-0.2752274117116527,-0.29521801891511945,0.20973158948334922,0.08211234753232416,0.1840168623372386,0.12770436083207742,-0.012547801101919935,0.3383180102706469,0.10538794813069809,0.5758453500036469
173,0.036519286412916935,-0.35054080615790234,-0.2641515647687206,0.10691078655561842,0.11955507190511473,0.21721975758214335,0.14705935971132977,-0.09037776230182915,0.35617816535835556,0.05686432107497369,0.5758453500036469
174,-0.07969976498240186,-0.24257607443962514,-0.23540960999260807,0.22203972541877748,0.011702111858739789,0.18023143010710446,0.1178416321974852,0.015343246789694738,0.30439963290328675,0.051574299490565106,0.5758453500036469
175,0.27135423980497264,-0.05006000367630903,-0.04949969079974825,0.030084013339232885,0.13743203864342968,0.0942885335538643,0.07391757585378866,-0.019433825813890637,0.13326392768423778,0.09346410981250004,0.5758453500036469
176,0.06255224886657218,-0.19356659603759885,-0.06065006004750306,-0.12864459784930293,0.15891186462570228,0.09327353539063488,0.06743671661512707,-0.12398600360303197,0.12150811101283698,-0.06584914346651931,0.5758453500036469
177,0.3448328915566803,-0.047136984287379224,-0.12182504909677472,-0.07516871153409938,0.17650408591269795,-0.032025912438708004,-0.00211970350506252,-0.06979212687738191,0.02424022901933509,0.09988764482703782,0.5758453500036469
178,0.2750480541757119,0.06445740821788698,0.0009987154873977167,0.12895813394287395,0.14973802201261532,0.11564975502878938,-0.05143538475564424,-0.012733105884929818,0.25553854690591704,0.052787198374315225,0.5758453500036469
179,0.1366980573509844,-0.029470215594282256,-0.14616552852134568,0.1724240893437622,0.06984657921734627,0.06054604808016273,0.05161640179968097,0.08105862246567577,0.13706410557341286,0.06818485695001664,0.5758453500036469
180,0.2639794078171498,-0.1483569221811829,-0.08906936750033201,-0.20400207848338053,0.21543031479268293,0.004346118616701228,0.017865245946224597,-0.1624312141503834,0.041362408183682295,0.012812742793818166,0.5758453500036469
181,0.38226657982567014,-0.12540383577923395,-0.28653151765749896,-0.09235112766901182,0.2532773262832896,-0.08818277085792563,-0.028696720683618632,-0.08804293019911497,0.0306021688917794,0.07679064278563902,0.5758453500036469
182,0.08678806428926156,-0.12060278081516496,0.011469062048433842,-0.15436503453992423,0.11897433493293419,0.05749962284103815,0.04096114073378696,-0.12414832147602917,0.05370291804762714,-0.03322745764227973,0.5758453500036469
183,0.2038981065435368,-0.2676648003836902,-0.17211386367979142,-0.20456109284791213,0.27326719131693433,0.05808988274643935,0.0556425617255607,-0.18553934232193392,0.1303756982437166,-0.05457531378378826,0.5758453500036469
184,0.01393212808734523,-0.19349273236347408,-0.0851102303499705,-0.2695220763972357,0.15172577924362884,-0.03965835134490092,-0.019598911708806788,-0.1874499072866891,-0.020171080500892224,-0.1124677032012999,0.5758453500036469
185,0.054645499387091734,-0.03912706847675729,0.10593584804260009,-0.101650825490885,0.14494349468335632,0.11743936199241423,-0.07227710235490581,-0.15784476658821545,0.204732842129825,-0.1122598308417243,0.5758453500036469
186,-0.03961339247056306,-0.17393260698192603,-0.05429463341470789,-0.017796738533798706,0.09908268616118643,0.13413378955706567,0.08986079592903778,-0.05388081216120599,0.16410785643493037,-0.07879937380491175,0.5758453500036469
187,-0.09264832780522156,-0.10714218603194381,-0.03925357924957168,-0.28750489618567543,0.044698355896642394,0.0943302101695061,0.035645532141618655,-0.21535189704399993,-0.06088276075561495,-0.08297917571063407,0.5758453500036469
188,-0.04467408489947945,-0.31392688985437744,-0.07705922922644487,-0.2371955642488046,0.1326345335714958,0.11308278046638565,0.04166050033222167,-0.1331068128947791,0.013100146246983718,-0.05293571028548372,0.5758453500036469
189,0.060946871427672376,-0.23885094583761235,-0.07556849406464644,-0.2771733230394222,0.19184656295201963,-0.01911395516833858,0.0034181320630252005,-0.37917095544852264,-0.03455767775746381,-0.14581445421842043,0.5758453500036469
190,0.12020291410249243,-0.23275860526736947,-0.18376459178080373,-0.3105167978281862,0.20599597584701124,-0.013613379342147458,0.007601111263297669,-0.290898830299287,-0.09018597085084544,-0.07648163958168108,0.5758453500036469
191,-0.023656225431715222,-0.3010167880093184,-0.2353150147438797,-0.272358260119804,0.21590688051228635,-0.05472413339842963,-0.022616905300786014,-0.20257972252331202,0.022436723637492953,-0.1712535306955127,0.5758453500036469
192,-0.12296569529542778,-0.08250186452218844,0.02865031211045313,-0.10532417065468036,0.005857979875012798,0.10860852417276673,0.05571501945785476,-0.09039468597105782,0.03313569583530468,-0.07627330648494252,0.5758453500036469
193,-0.2041699238109443,-0.1430073296526611,-0.1271045269932379,-0.28266155359416145,0.02220996385253024,0.23298859700351982,0.10525253453145995,-0.2467768100334241,-0.01591520832147103,-0.10563164301968742,0.5758453500036469
194,0.0917193873153257,-0.08696428114538035,0.0032073673068618858,-0.06850870352950977,0.09780700999224204,-0.00664245395822971,0.008355015668118693,-0.052459591695208196,0.04867150914538221,-0.020260864405589496,0.5758453500036469
195,-0.11504067208825108,-0.16457546540794366,-0.05307665220403923,0.01037950082467387,0.05897589101069136,0.2032223931405377,0.1237967796068229,-0.04656013668326553,0.18405619721816396,-0.08590383673603696,0.5758453500036469
196,0.0005205250274618045,-0.20244067062914928,-0.0930739340703011,-0.11967936165576254,0.15101227351523727,-0.13678077967667043,-0.060335251866342865,-0.06808122026472785,0.029176098357864166,-0.13270910397071395,0.5758453500036469
197,0.17728920289564565,-0.13729188510290502,-0.14851442875207913,0.06833657256744075,0.16684936496274227,-0.032272389627858084,0.010076133051206526,0.0246030179864416,0.14019046247391964,0.0007825084218594514,0.5758453500036469
198,-0.18195001208232062,-0.20878520904996556,-0.07182572836163259,-0.176085263962227,0.08026963178006397,-0.02824812040645419,-0.014978778236953816,-0.11980149329020234,0.014307933376423249,-0.18502073320858337,0.5758453500036469
199,-0.08207454414629263,-0.2989508842777897,-0.24397777292328215,-0.052765597790209506,0.18700841877861152,-0.14480211286652256,-0.058241696991869485,-0.03629216462795992,0.09531377873604488,-0.19661276036088393,0.5758453500036469
200,-0.015348739612721651,-0.18017011836641506,-0.053764739139454454,-0.27648928400487427,0.1276282126615435,0.023741132139576765,0.012084622660441122,-0.20140083127244568,-0.010113816092179553,-0.10716973255105278,0.5758453500036469
201,-0.07446172768842341,-0.34390725535305533,-0.08393570581749127,-0.1510636041349791,0.13817815961708152,0.055731539498335286,0.01813887373993618,-0.06251186118615704,0.05228094659704232,-0.08222146460855773,0.5758453500036469
202,-0.20688608402079744,-0.3009196130733016,-0.07848144501347837,-0.14798377051249267,0.12453585456600436,-0.05034274166223858,-0.010852574538733603,-0.2826153609100612,0.02399191532994975,-0.27468619971048713,0.5758453500036469
203,-0.23921827747435853,-0.31119327711486977,-0.20424096766280375,-0.1910937851876523,0.11541830587164054,-0.052789326126888456,-0.015932967689450003,-0.19360975104922962,-0.045031949290837564,-0.24640420775361338,0.5758453500036469
204,-0.30250322040496413,-0.2514640851539981,-0.16018141137739744,-0.11339615269589753,0.057627362489134526,0.08568346083223441,0.04615712786263235,-0.10776888769048532,0.08567242122336144,-0.2165384760175445,0.5758453500036469
205,-0.045320658511527286,-0.03565182591940108,-0.009382274964740922,-0.2442300705446716,0.010853695011906472,0.1261355975591107,0.0507741246009458,-0.18932067221013382,-0.0685666463310596,-0.022082032182809797,0.5758453500036469
206,-0.0026691498410652964,-0.19121826353625138,-0.16915658130340486,-0.3636582583856789,0.1429870003477468,0.1365877006508776,0.06320129874226481,-0.2938520875996684,-0.02836209639922519,-0.07850279012745554,0.5758453500036469
207,-0.14220916303759423,-0.0439290130998409,0.019500513831380448,-0.06411625799975407,-0.02823832802837163,0.08830913726821299,0.041188840014605044,-0.05644669409563052,0.011198097137911978,-0.06278003201943852,0.5758453500036469
208,-0.14763651795174823,-0.012485056648372517,-0.10238428239868154,-0.2275337421657626,-0.049242002024825815,0.2891608538856131,0.12682147220906576,-0.21562798384735626,-0.05557025177344921,-0.0032136293023698193,0.5758453500036469
209,0.0217780490988293,-0.1336376004020733,-0.008822245035345788,-0.036190668365645884,0.10243668618577417,-0.04074288315822372,-0.005940656739949368,-0.024370373825851388,0.0763345146587375,-0.0743290289056655,0.5758453500036469
210,-0.20177329328668536,-0.13526342273334524,-0.0745875885502163,0.046091686075315774,0.005251532383388935,0.18226168560802303,0.10516925320182335,-0.014688779642423322,0.15125991653756626,-0.10039964993656958,0.5758453500036469
211,0.1656350951829464,0.009676355409244497,-0.031271521104754924,-0.08088082798794283,0.06349818535896157,-0.011210689766642634,-0.005387953895839875,-0.059869722502334355,-0.03226189971491178,0.061394296142330385,0.5758453500036469
212,0.037164515146818344,-0.08307960286719851,0.017626333735056482,0.03414661826721177,0.1734819954859046,-0.0792465655672816,-0.16651250173578303,-0.033793293466362506,0.21946775626358717,-0.16342345185735407,0.5758453500036469
213,0.06261209242250748,-0.19124417731687604,-0.17838317581664936,0.09701506689316308,0.16057903703872034,-0.09018913759404001,-0.019882893365908857,0.055609811632382655,0.15082852763033872,-0.07587240474154555,0.5758453500036469
214,0.16349229921032604,-0.07037193208857667,-0.055902481351427946,-0.2617632030631214,0.12243777984059734,0.04458983595768262,0.020151707349019304,-0.1977431057577248,-0.05106309817324983,0.021416979569654382,0.5758453500036469
215,0.32353482838664727,0.018410308114372775,-0.1887203094017511,-0.07744146681093622,0.12330511832311442,0.03942565202598636,0.02314568254584698,-0.08747926278728957,-0.02168278027689674,0.14939068629285068,0.5758453500036469
216,0.44055425914660384,0.0705599671997553,-0.1710765322517961,-0.06122984733361708,0.17328440579872895,-0.06801646845839757,-0.0012471625228522715,0.0008243186693146498,-0.04656500267312011,0.0494752719447058,0.5758453500036469
217,0.36547067372417397,0.05279121625420224,-0.1699467765574707,-0.19592597384752186,-0.00912271164373879,0.06901096354203459,0.04542120346092951,-0.1943533765477884,-0.06383290988410772,0.11919115049741313,0.5758453500036469
218,0.29827835053203056,-0.10260727866180745,-0.13726856463518466,0.06707282843005513,0.16568514807330015,0.06137753039686564,0.04152705265073568,-0.05962586914704021,-0.1349130416560711,0.13806836412922718,0.5758453500036469
219,0.31568979834517896,-0.09423466839458843,-0.19189596976977452,-0.19519902560621727,0.19920312511841376,0.08538965599225448,0.05338986128205929,-0.18159748463996722,0.020666553495976542,0.08821546680779413,0.5758453500036469
220,0.3287813433732609,0.07143663154536525,-0.1826155799086887,-0.050388026640882655,0.17057979514781096,0.1942324050241474,-0.04143952149826452,-0.18792436530385748,-0.06550920912072145,0.1975887234379361,0.5758453500036469
221,0.3754279825481035,0.07557368176150354,-0.2118407931257903,-0.1726202934348533,0.1402018001877911,0.16441181960439363,0.08720108766016527,-0.1826047920297293,-0.04824460040335221,0.16204878707857073,0.5758453500036469
222,0.35350502703978104,-0.061467390080197706,-0.08419225551438692,-0.036116302566055025,0.19165605365189625,0.0757076716245269,0.05164381620599828,-0.08622737502968075,-0.01029044882354535,0.2997543225678251,0.5758453500036469
223,0.3627697594735173,-0.04129293932891147,-0.32949252352974756,0.0003275057191249875,0.17911358258604326,0.09049485034236278,0.060768292033731956,-0.0637993455623645,0.06731688802525101,0.15954252234955535,0.5758453500036469
224,0.47692493955768267,-0.016126037203885668,-0.17021180096814842,-0.17228735686605273,0.25804519409191495,-0.05460677358948007,0.018316810393340714,-0.06957189606641483,-0.01958152433267757,-0.021340712106051485,0.5758453500036469
225,0.5153453662616867,0.04062211026323265,-0.26315219307448606,-0.001429895293436123,0.24578987865312069,-0.09863411140522657,0.009208108401981524,0.06580252246852548,0.007748975769836103,-0.01780386097491482,0.5758453500036469
226,0.5334145407655749,-0.0385157295412364,-0.2618443371935264,-0.08727885761420376,0.30949017313210603,-0.06787189472176988,0.03185516111834151,-0.001206028926107855,0.041021629370481566,-0.05753226181520074,0.5758453500036469
227,0.5043638672472474,-0.017715322882794066,-0.3410763936046313,0.07235642294661458,0.2806547097743244,-0.0703954397782256,0.03476273481411754,0.10053791144631158,0.08915381297271376,-0.040129182276886714,0.5758453500036469
228,0.4524240026172718,-0.061836910571920256,-0.15234659998762934,-0.12536106928233492,0.2692762231576156,-0.009454065260278949,0.04700933180429634,-0.05736238148680305,0.05601869231481657,-0.02295922997467402,0.5758453500036469
229,0.5141496263363494,-0.12109492773220976,-0.3177239742545054,-0.08124504227624553,0.35525502244183016,-0.02562783824448424,0.06038463368852727,-0.018782639686620226,0.11089015937282778,-0.08470506317558482,0.5758453500036469
230,0.405906399940384,0.030423158232492475,-0.12479787816004984,-0.009430553312005763,0.17838762473612024,-0.03239515968315049,0.024821770888255143,0.02511053943443306,0.02920796800369338,0.03238251017277852,0.5758453500036469
231,0.3437140775066603,-0.15174253353566972,-0.1535374293845399,-0.08539851989323011,0.26219961725759133,0.07969593995857482,0.08655548787866213,-0.08137977819923846,0.15145580720317822,-0.010075879206013327,0.5758453500036469
232,0.5030728452378064,0.03344625786123066,-0.2514700746666031,0.02339073907182579,0.2435228353779837,-0.09106666645399088,0.015539428744987649,0.08065990474601448,0.029893250816548575,-0.022417996405679402,0.5758453500036469
233,0.32226876333016263,0.015550455074817754,-0.20339185374273838,0.1474939373817841,0.14198834401192917,-0.0018770172561284049,0.03916252492522945,0.10462615642995589,0.10151638455510154,0.0536377616376115,0.5758453500036469
234,0.3153852705997522,0.043362107399328206,-0.3045831510930932,0.12686723641417563,0.12999636609349308,-0.13858312997502237,-0.04596752668480136,0.11377117915162521,-0.006592344016877694,0.05365442042461757,0.5758453500036469
235,0.31223697124107797,0.07748472512892414,-0.18468056869846472,0.2403617459994934,0.1719074469698081,0.037810003009936324,-0.057506680761558154,0.10352209339286328,0.24289951693838036,0.00604777815176083,0.5758453500036469
236,0.1420119183728228,-0.06297314217216361,-0.2308885780444011,0.21316177298952554,0.10215487343667873,0.05810754855524359,0.05967516236863665,0.1085613136078547,0.1733517530950487,0.038003416397858536,0.5758453500036469
237,0.40772702075595424,-0.03292211911986673,-0.3644342469967977,0.046745418695495755,0.2279139681922449,-0.1361801895155491,-0.0337955702449122,0.054454350975729815,0.020477194827129716,0.028243220386676038,0.5758453500036469
238,0.25036004011470114,-0.013998419393370987,-0.4575920209136075,0.1565176641321876,0.14804506072742107,-0.19833147494418657,-0.08101513855133087,0.13051913041354135,-0.010949222241568447,0.01473568469325734,0.5758453500036469
239,0.3048712203564352,0.021374220384270615,0.07091576102284636,-0.04938945966627761,0.1022277705501118,0.06543242517030884,0.049954871751547156,-0.053173024647461986,0.051415692185942934,0.12193494839810315,0.5758453500036469
240,0.13263594603727302,-0.22948457161231528,-0.08511475301729732,-0.13070033644467594,0.21036815426160127,0.12717802376937593,0.09349302575016144,-0.13983902855989705,0.17047688028386399,-0.051694544353193414,0.5758453500036469
241,0.1388413723320454,0.07727097463215049,0.030838149368278694,0.05416787339305884,-0.0010381715046756668,0.0051247841289592255,0.006220044069278452,0.03550785281717239,0.0008702017970187992,0.09175798061904494,0.5758453500036469
242,0.40016710474495065,-0.06461365316800016,-0.016227468197361095,-0.02129567186481074,0.19730008165261492,0.1302858146316011,0.10048882962748562,-0.06493992370084833,0.1612795106044999,0.13179281212060234,0.5758453500036469
243,-0.016534702677027946,-0.056563061515790936,-0.0026503870441564326,-0.060209541056319704,0.033499101692645805,0.016692376546942445,0.010850973501601746,-0.04611013970015021,0.01570623588300657,-0.03633240223031717,0.5758453500036469
244,0.25476522656186473,0.07865559964490343,-0.07050690906145363,0.19936169034746554,0.040061446982580406,0.044637632864077195,0.04098835614489878,0.10949887385626567,0.09521148100524471,0.1592623996805731,0.5758453500036469
245,-0.0896061558979111,-0.08910471154775923,-0.16239528416217386,0.11201900748240945,0.025504009510834535,0.024606256817450545,0.021348312047648532,0.05416678640765493,0.09348118828857288,-0.05263999044301659,0.5758453500036469
246,0.1607824543612053,-0.10799064573897216,0.0399733778907444,-0.16142077450515618,0.1379580546467738,0.07807888639963884,0.05553512948599221,-0.13350732475272975,0.06692757653979714,0.00033181734715592714,0.5758453500036469
247,-0.1485141724129031,-0.23492626149021967,-0.21570780633500686,0.017737839050671056,0.10476420583007856,0.06777075865786103,0.05106659833514185,-0.02758446869028297,0.15494071915795038,-0.14398229053548983,0.5758453500036469
248,-0.28785303262565076,-0.11236359842751065,-0.23335755090390098,0.16698004690519208,-0.0348670196030928,-0.012149355207967838,-0.006090475163670894,0.10000089464086204,0.07731809651277333,-0.1321228729566467,0.5758453500036469
249,0.09988278529604666,-0.23364162610191896,-0.09470742922723496,-0.12481533602811101,0.2006572731564833,0.12101905987271411,0.08880311318563339,-0.1342013085985696,0.16671172220511765,-0.06540430540788429,0.5758453500036469
250,0.30543674035196,0.009586241953342123,0.07130257125440342,-0.06290646154039692,0.11075240061615314,0.06987487629613547,0.052942387482033615,-0.06373090731757225,0.05545933416751257,0.1158166559334568,0.5758453500036469
251,-4.548381968361159e-05,-0.2374409072706154,-0.1232159851972161,-0.09804594721736384,0.1647881245621617,0.09889282512348802,0.07221566582305591,-0.10988579196339002,0.1517224334577134,-0.1026498761318062,0.5758453500036469
252,-0.262622415124778,-0.2969441423713206,-0.1792030571330735,-0.10777030973908558,0.10578417177672228,0.05715274974555046,0.03878671667732958,-0.10370744940047197,0.11878361948178384,-0.23052258524610247,0.5758453500036469
253,0.1613562966224822,0.08089003735696121,0.03603128158851571,0.05283665019267403,0.005073413115272096,0.009211513453399656,0.009409806518289932,0.033385477208634384,0.00398610588838566,0.10185753260527886,0.5758453500036469
254,0.3904065643608001,-0.08319767967520897,-0.017831860674317856,-0.04040587808908097,0.20664677162185519,0.1347039233573295,0.10323977832406356,-0.07928452110987305,0.1654507236792811,0.11823350907202457,0.5758453500036469
255,-0.15554608534126413,-0.2661668261107738,-0.06556296078750568,-0.21792883069146585,0.1270423441165351,0.06317835573601188,0.0408251666320556,-0.17139218732963235,0.07868150955615377,-0.19241244769372878,0.5758453500036469
256,-0.3856685979375488,-0.27177005814535216,-0.12341566263650688,-0.16322200620016275,0.042377580298284256,0.010329700550823828,0.0009913727385353344,-0.11874923044673402,0.03867029597929117,-0.2780130067065858,0.5758453500036469
257,-0.1892214160648097,-0.29704525093482226,-0.17919096310420646,-0.27250128746828306,0.14556089698052305,-0.04576390343319542,-0.02550575454737225,-0.19280298539094232,0.0031960964660940894,-0.2321666283746694,0.5758453500036469
258,-0.13276189576509367,-0.20051470075287592,0.0328801363037432,-0.24094213560322586,0.17016481274864537,0.09419951493771575,-0.06175771753320225,-0.23858497864364847,0.17233142150254901,-0.24839285652039533,0.5758453500036469
259,-0.03260435083417301,-0.14999592813390028,0.049383444296073165,-0.2342358685253063,0.09421577206762122,0.041871461418457795,0.024897258108689674,-0.16687281308298374,0.013439642689614006,-0.10263848090824934,0.5758453500036469
260,-0.2967294358402919,-0.19972345654878787,-0.005546352002770816,-0.23466871369976222,0.027759238310286413,-0.003966460797840458,-0.011383859283479621,-0.15295541044581296,-0.023980678803489433,-0.22614264157143948,0.5758453500036469
261,-0.48225769854372014,-0.20649669511520719,-0.10946006270097347,-0.11653866337959773,-0.040034899910663446,-0.040319294825278996,-0.03664413711147835,-0.06780894462216874,-0.02311568752469785,-0.28531790727352746,0.5758453500036469
262,-0.20333696439822546,-0.28528408769788954,-0.034236988321927196,-0.28433534089878887,0.12295516818787243,0.05469282920435031,0.03222431276634729,-0.20983166742136133,0.05210929337751356,-0.22809836951834717,0.5758453500036469
263,-0.13337715539554718,-0.09549221289004917,0.06176119781371632,-0.1976563202115279,0.017766855341493068,-0.005769348708642123,-0.010768315423860253,-0.12381927379446189,-0.04508557682396888,-0.11707618889803117,0.5758453500036469
264,-0.3809157460395616,-0.10050402841238165,-0.02687558121154421,-0.10240564282900266,-0.07453929674040101,-0.06048914499791983,-0.05096453911141647,-0.04571964251724797,-0.07356469523594265,-0.20352556323789284,0.5758453500036469
265,-0.5369464046949554,-0.17696924871472391,-0.1723360769920645,-0.0037615616459034107,-0.08285389921829907,-0.05956167471895847,-0.0483353623676395,0.009781593657739701,-0.015559043499183509,-0.27976794592615417,0.5758453500036469
266,-0.04444174329284911,-0.21095904333477666,0.04064948742682403,-0.29085025857535596,0.132479822433008,0.06198933484967452,0.038475665239675196,-0.21230869863623797,0.03562693745385889,-0.13822633833818188,0.5758453500036469
267,-0.1861702250516834,-0.3261090486811512,0.024289178738934936,-0.40647110162952893,0.15938242915059592,0.06865141730068217,0.039427811218275224,-0.2918103914000297,0.03875110196603941,-0.2541121989187611,0.5758453500036469
268,-0.03595250233789915,-0.2619185378802036,0.010662282356258296,-0.39608050259138106,0.06795779580190531,0.11677676729626008,0.07969457658332751,-0.3190519216847145,0.05856033408079997,-0.20516572115874526,0.5758453500036469
269,0.01272732181541042,-0.3098289870754146,-0.03723946926916766,-0.29208735183457013,0.22231364565427808,0.12069352662796523,0.0832926985133845,-0.24041453818140157,0.13235894794311906,-0.15254406926095165,0.5758453500036469
270,0.0010672455072166798,-0.1935389759302929,0.052319286791700975,-0.370810038082829,0.16968135132423312,0.19501086736898487,0.11418840528060228,-0.29824696634365844,0.0579110069969018,-0.14821884956236264,0.5758453500036469
271,0.09554053049038905,-0.1325290135349032,0.019399443407940753,-0.16572479657098294,0.1300359836726781,0.07192239751890381,0.05037208133588181,-0.13523744104668856,0.06588081909556234,-0.035347749048506905,0.5758453500036469
272,0.03302844279167942,-0.26467807859899606,-0.03902344016142027,-0.4560141485788525,0.12147072690976153,0.03315147673819169,0.02967009203683596,-0.34412604159218296,-0.004702668215118888,-0.1875509138713859,0.5758453500036469
273,-0.0453988087153932,-0.2520893620771201,0.03489933117532977,-0.42376223582796024,0.07836699798194334,0.15819727809767734,0.02559949984272672,-0.38786330009148423,0.14583257248854553,-0.27956461902157675,0.5758453500036469
274,-0.01935755895565075,-0.33682488529379684,-0.06297243999540547,-0.4123879826776998,0.08758280180265891,0.16705473346627606,0.11842381657057333,-0.3590118854132523,0.12613808513522604,-0.24216669183076878,0.5758453500036469
275,-0.02425826668062922,-0.2495372333498893,-0.08777030447056698,-0.3768884619036942,0.1607021646774186,-0.045374572407423,-0.023510667399325794,-0.2621888559875444,-0.03923660491386411,-0.17159775432648067,0.5758453500036469
276,0.0632466619860173,-0.3292232281514676,-0.13333883807468355,-0.4790267163647586,0.18414979955027855,0.014538025998611835,0.02367469505283666,-0.36738502492666114,0.014096796637044398,-0.20560348043808668,0.5758453500036469
277,0.021030681057224318,-0.19551007904115236,-0.023436687582527566,-0.2541041190061435,0.1521124333818007,0.02701297362807653,0.020996746655913834,-0.18709246053738404,0.028650682104081573,-0.10348717482137687,0.5758453500036469
278,-0.03117432751095863,-0.3217013699730112,-0.20867259730228396,-0.3216203627641919,0.24281987372103833,-0.05801500613234978,-0.026626638521136753,-0.23030037831714445,0.011809095779050802,-0.18409162926189582,0.5758453500036469
279,0.2026542870682262,-0.15377717646893785,-0.03129063143368756,-0.3268776629855277,0.17240205595537916,-0.016956149077466398,-0.00010362683008816043,-0.2366589384812252,-0.023594043730232578,-0.04080034881723282,0.5758453500036469
280,0.12462276334907603,-0.25503466840279543,-0.11094772235943581,-0.1856211382341233,0.23418644911309194,0.08878937629135268,0.06953058468724549,-0.1698529621670657,0.13876552090970434,-0.07328492830872657,0.5758453500036469
281,-0.028733683757025674,-0.32119816244373767,-0.17280577266019082,-0.13376340538737075,0.2176106254850385,0.11705207572052295,0.08591031241587047,-0.14403384322168034,0.19061660188970297,-0.1491646624076108,0.5758453500036469
282,0.195069340520871,-0.23325883679238135,-0.18315408536003536,-0.042908402568579085,0.24201723180846546,0.11932013331396041,0.09527277822654029,-0.09024110955463716,0.20945588157172668,-0.016194085347364273,0.5758453500036469
283,-0.15323284385934374,-0.25420744053053923,-0.08447380342778138,-0.149791806065883,0.11825076493010667,0.0813712606988819,0.0535214792946844,-0.13119875730677905,0.10953587420437072,-0.1756452518240716,0.5758453500036469
284,-0.09872839775864815,-0.32381917219886114,-0.25538280458735096,-0.0001452491037314818,0.18751391140465268,0.13125478856916528,0.09668377472206749,-0.06310877109901042,0.24188676053760766,-0.15784382117013313,0.5758453500036469
285,-0.017441821994838014,-0.0430297298145772,-0.0031548416165361193,-0.0446288863288824,0.023613089646263852,0.01153021726920933,0.00737444176946267,-0.033928071718933195,0.011014359892022041,-0.029401659686318457,0.5758453500036469
286,0.2855438122321625,0.07621506043321058,-0.06103358384776414,0.18619691462821097,0.053665972544883284,0.052713581140117705,0.046913574492374266,0.09833727277402582,0.10068655928686568,0.1686790002598868,0.5758453500036469
287,0.30211187298859654,-0.17952257772445357,-0.021533462302788922,-0.14830864543252342,0.24085119997502308,0.1472726619440896,0.10919571906751885,-0.15520406250643026,0.17223934775907612,0.03170034035845781,0.5758453500036469
288,0.36401669525744307,-0.1544633555164787,-0.13989364656317593,0.04196132109715625,0.24440917480340402,0.16552435304269564,0.1288154113557857,-0.044498966182387245,0.25048139545344894,0.09307375823662434,0.5758453500036469
289,0.13986517363844153,-0.11230082082838662,0.035169204858784886,-0.16125998354739046,0.13294814796552856,0.07462845879517715,0.05280371656978394,-0.13237380189673537,0.06434920657662507,-0.009559551549934042,0.5758453500036469
290,-0.0757628351336157,-0.06511150098382057,-0.15994880948587975,0.13627884259366851,0.013916221697220177,0.019192522060511363,0.01801216616225032,0.07232725163820053,0.08828672721219522,-0.03470031812284269,0.5758453500036469
291,0.2946527292643917,-0.24201076002355426,-0.1426184352018242,-0.05618808288326606,0.27964694950416696,0.1797435943890749,0.1364088458453268,-0.11458513817082504,0.25981986138322705,0.01873787313130104,0.5758453500036469
292,0.25819571958111653,-0.18705608392779405,-0.23819242398773754,0.12970368503462046,0.22520806771083052,0.1590417257814935,0.12579842456876705,0.00957990501910036,0.28295530195281116,0.05155219199393335,0.5758453500036469
293,0.30348138584632256,-0.0025571554692989107,0.07110685998293742,-0.07621790073937496,0.11855766382289257,0.07384156918748824,0.05556057714542484,-0.07400713166910322,0.05913748522292911,0.10859427762773266,0.5758453500036469
294,0.06752874446255674,-0.23517106391509757,-0.10436955566490441,-0.11590231117432959,0.18924615819176038,0.11400607132223595,0.08355400358314125,-0.12625152114643123,0.1622060339378661,-0.07753949752248586,0.5758453500036469
295,0.18331138117217272,0.08260350519417337,0.041134469780693794,0.04947765660062231,0.012312500548053329,0.0138599345041035,0.012964630554334722,0.029710322229972164,0.007630613266969899,0.11073204423151584,0.5758453500036469
296,0.37736284467427783,-0.10168382836928017,-0.020435033845260964,-0.05830720477414236,0.2146569016410632,0.13831913544072438,0.10539753554982723,-0.09258859142919673,0.16908748293071332,0.1035809945409003,0.5758453500036469
297,-0.014961820177303187,-0.028880161118705727,-0.002879596290846498,-0.029167012480963317,0.01459590763571228,0.006956633916165522,0.004360203855326428,-0.022001808067430906,0.00676727272558264,-0.02091304282825604,0.5758453500036469
298,0.31345053700094994,0.07104842583254234,-0.052230593360845456,0.17070746279000215,0.06808561449463499,0.061100930356139754,0.0529924096224719,0.08548819779510625,0.1065521904517643,0.1756036248726447,0.5758453500036469
299,0.11881221220976634,-0.1150233147330616,0.030299000463077375,-0.15926425828641338,0.12676719316090945,0.07056539600232187,0.04965915301566892,-0.1298042057776846,0.06121478328138502,-0.01864843365340041,0.5758453500036469
300,-0.056524073818146725,-0.04140931315731322,-0.1558515670592392,0.15839546434234464,0.004616746815948147,0.015145168242613583,0.01568198293423473,0.08865748984023814,0.08401029187462239,-0.015035210896089168,0.5758453500036469
301,0.29906285837376956,-0.014878592129360824,0.07033830817684328,-0.08913637445818867,0.12554075837814024,0.07728156215888371,0.05777647109438641,-0.08385848032193582,0.06240201439739512,0.10038387047050912,0.5758453500036469
302,0.036180453177026006,-0.2339079115931736,-0.11392982518068984,-0.10396443319636317,0.1762525797239476,0.10622141046183087,0.07781151742983805,-0.11601280321357277,0.15700270186980142,-0.08779814560130281,0.5758453500036469
303,0.2042978330730847,0.08243665465219152,0.04605146100838686,0.04421834087201404,0.02050400701465982,0.018962605646218655,0.016804331849613163,0.024601382837724728,0.011716777075180485,0.11824694897218002,0.5758453500036469
304,0.3611963366089015,-0.11985139698639959,-0.02400449967387558,-0.07478747482486092,0.22123664006602428,0.14108937851441505,0.10693714819404437,-0.10469464650717675,0.17214708558918232,0.08801183418486391,0.5758453500036469
305,-0.009111391295606008,-0.014427820645266154,-0.001821794272941324,-0.014175697060176073,0.006662034045707754,0.003082136648809519,0.0018819596021728557,-0.010604601593205976,0.0030664084675560144,-0.011040747157756103,0.5758453500036469
306,0.3381379863841949,0.06338330567365014,-0.0442193346436911,0.15328258326892197,0.0830256263609693,0.06963639350091758,0.05911012969921031,0.07126246789258667,0.11268552081573302,0.18003925612950744,0.5758453500036469
307,0.09797878355670431,-0.11606280654800331,0.025443870769807808,-0.1554112137416218,0.11948467498907378,0.06594020893966912,0.04614240764918831,-0.12579821913202427,0.05756070589319057,-0.026754986625903587,0.5758453500036469
308,-0.032400595283336386,-0.01861234777890175,-0.1502134102157937,0.1777998093818809,-0.002158140040249279,0.012566226450869689,0.014416030271267033,0.10273785817694758,0.08076082575480203,0.005841489239603703,0.5758453500036469
309,0.006489030196461298,-0.22972785704704313,-0.12320055309862482,-0.08906856734643376,0.16184017806177953,0.09777249086305151,0.0716589212892087,-0.10355873087494527,0.15116385890243983,-0.09588494474698472,0.5758453500036469
310,0.2922632377803023,-0.027202641948539386,0.0690123464679282,-0.10148258760679518,0.13160963822794716,0.08015048401450314,0.05956199085871866,-0.09314922719503466,0.06521012488676284,0.0913092765802348,0.5758453500036469
311,0.0009668013878952053,-0.2521325603952618,-0.128470721952873,-0.21734736854423164,0.04863740709193365,0.14318870382366905,0.10563494931461376,-0.22373193026164606,0.1424031634555354,-0.16939476271381004,0.5758453500036469
312,-0.18542898451498607,-0.21396876293535394,-0.11130628194773318,-0.10119620571277815,0.07802257187458495,0.04049354338069622,0.02677650359690331,-0.08883127920422795,0.07676256858579411,-0.1679903176569581,0.5758453500036469
313,-0.12339108252402903,-0.23281013101027703,-0.1634241574411539,-0.14627034746093642,0.14998492436121436,0.21409402943039108,0.13131676990385427,-0.16911920166103306,0.15561854836540268,-0.18292145425064515,0.5758453500036469
314,-0.036067223503989325,-0.23619990971366445,-0.24986427895512298,0.06997380462253089,0.1477339784276308,0.10098253524691847,0.07838581550911722,-0.008107201954397403,0.2111322225468043,-0.09225855044295239,0.5758453500036469
315,0.3420863228172477,-0.13748066959476696,-0.02850199355369043,-0.08964198420854419,0.22630014605175464,0.1429773549338333,0.10783717976927498,-0.11545158028094005,0.17459003519107485,0.07170864912462183,0.5758453500036469
316,0.22395145019812507,0.08045219994511663,0.05069563403289834,0.03721787315416236,0.029463621293450346,0.024409120376340274,0.02084763486017239,0.018200218288340484,0.0161537169089463,0.1243039193342913,0.5758453500036469
317,0.3593503683777781,0.05347002479937657,-0.03709517257316608,0.13430839021464214,0.09821060414711674,0.07816991719303917,0.06516247234825209,0.05596537003091567,0.11897084722311439,0.18203327983858042,0.5758453500036469
318,0.0,0.0,0.0,0.0,0.0,0.0,0.0,0.0,0.0,0.0,0.5758453500036469
319,0.4099238346517733,-0.03858202751453921,-0.01978603680804547,0.012951329240081577,0.1826053251583984,0.12361971446433012,0.09646424399533132,-0.04010832444577356,0.15744573369335046,0.1503096084815735,0.5758453500036469
320,0.3493097329988575,-0.029693424212557218,-0.1639698649911413,0.21110857713915,0.15047258361947902,0.118107653793708,0.09758782261249083,0.08330289691933865,0.21613754732044005,0.15813031460637617,0.5758453500036469
321,0.07773947338554274,0.0609620492902289,0.05019927764602827,0.04269483921353209,0.037157835195568,0.18881440731244067,-0.09520068297031566,0.031654213857828115,-0.07365148627160241,-0.10908856499354681,0.5758453500036469
322,0.07773947338554274,0.0609620492902289,0.05019927764602827,0.04269483921353209,0.037157835195568,-0.13933001344744822,-0.03316013982424523,-0.0372563855862484,0.1199756014459705,-0.16354285497808838,0.5758453500036469
323,0.07773947338554274,0.0609620492902289,0.05019927764602827,-0.13131560438801484,-0.013676749779168402,0.1510718809814507,0.0701167172767527,0.046500166511410986,-0.09578212218886985,-0.09868161446861196,0.5758453500036469
324,0.07773947338554274,0.0609620492902289,-0.12490557791975151,0.000781769296826406,0.1633128522366554,0.07234341799006233,0.047443595403919625,0.035456191505431334,0.028356322281315082,0.1301753738886932,0.5758453500036469
325,0.07773947338554274,0.0609620492902289,-0.12490557791975151,0.000781769296826406,0.0007796874869477679,-0.1622096201467434,0.07392091727467996,-0.1145982544778022,-0.06086485462621337,-0.06744065408915217,0.5758453500036469
326,0.07773947338554274,-0.11534689614777477,0.020689951988191988,0.019309894240873537,0.17712826060070974,-0.09661909144768305,0.027868164579253802,0.023308813429188655,-0.12156497212362705,0.03958900279764519,0.5758453500036469
327,0.07773947338554274,-0.11534689614777477,0.020689951988191988,0.019309894240873537,0.01810323235431016,-0.1513499741177529,-0.0655268720856945,0.0905916673078691,-0.13474324257716744,-0.06696291695968278,0.5758453500036469
328,0.07773947338554274,-0.11534689614777477,-0.14869826247003512,0.11376625210044847,0.06152989043306776,0.0426408683145599,0.03273072645054259,0.02659652313914387,-0.12161204053391403,0.044154436799607795,0.5758453500036469
329,-0.09969364797696023,0.04967176227709439,0.042314046622031726,0.19193604692126248,0.07669400660861025,-0.11402344954739686,-0.03416461628404664,-0.04318569226031895,-0.05607424165197456,0.04927798138190273,0.5758453500036469
330,-0.09969364797696023,0.04967176227709439,0.042314046622031726,0.03686986239103404,0.03267590153194208,0.029344376706359306,-0.14423102252225944,0.12455859328817881,0.13510652198249065,-0.08042531822749191,0.5758453500036469
331,-0.09969364797696023,0.04967176227709439,0.042314046622031726,0.03686986239103404,-0.1395095391893971,-0.033615534648368986,-0.037829540894360573,-0.18108452527164684,0.08679162186403636,-0.024897014312877438,0.5758453500036469
332,-0.09969364797696023,0.04967176227709439,-0.13163487249627046,0.15100451699150683,0.0701037636916705,0.04649461174760534,0.03492959922026922,0.0280207837220478,-0.1215917152844243,0.04606441719244354,0.5758453500036469
333,-0.09969364797696023,0.04967176227709439,-0.13163487249627046,-0.01442213554128567,-0.015160786770121285,-0.015978661348185055,-0.17193204381645566,-0.1203102178677988,0.05213812943136376,-0.03665572143428683,0.5758453500036469
334,-0.09969364797696023,-0.12536330175412735,-0.00021964122472741343,-0.00021980600877466507,-0.00021997104024565217,-0.00022013631969805482,0.16250936255895684,0.0722046986477866,-0.11495255093902697,0.08962332362004498,0.5758453500036469
335,-0.09969364797696023,-0.12536330175412735,-0.16282036482685505,0.07175733530856915,0.04719746552651156,0.03532016593573026,0.028269850954914143,0.023587868577205687,0.10299590384037931,-0.07596712751394744,0.5758453500036469
336,0.0556440401940802,0.16228913215231094,-0.07858486964420175,0.2884917689113169,-0.09468928990925302,-0.03757529763595771,-0.01996104289047615,0.19906833643508792,0.006268105138643648,0.12419745791935365,0.5758453500036469
337,-0.03445625079690662,0.004248533908126961,-0.2599028027098994,0.34949735613891963,-0.021194432351601122,0.014019799076970041,0.020401455360864795,0.20821770226423075,0.13412706139412847,0.038311762322341236,0.5758453500036469
338,0.1559621103828873,0.05807621127291018,-0.1374249456709939,0.25896643115431783,0.015683540373183202,0.032610187850159955,0.03300333609211435,0.14914991797966504,0.1080832903206019,0.12094660361532306,0.5758453500036469
339,0.14311243389697625,0.2041613896757456,-0.13666854651848986,0.4186475763419948,-0.09207127888637101,-0.02450255211477767,-0.005838066383743304,0.27597731642797074,0.05294325588663386,0.19331910974138117,0.5758453500036469
340,0.2804471652341597,0.19329811121163964,-0.10539639681561647,0.3746296075512726,-0.0316022287959655,0.012564713923317802,0.021803047208334436,0.23477343785081983,0.08357473237527331,0.2374698939245466,0.5758453500036469
341,0.17038450478059133,0.16208361632934037,-0.22674355425023485,0.4943890639154962,-0.05383904722018146,0.0066462041522448445,0.020102558907314865,0.3082498206158394,0.1272120156808996,0.19939558732395452,0.5758453500036469
342,0.2467114460637595,0.13713160316638234,-0.04531944981002525,0.22982471610666833,-0.0036888996755955195,0.018654940297337465,0.022102955187367358,0.1410173613371733,0.058143314956552256,0.1822503914966226,0.5758453500036469
343,0.34655438491316004,0.12485711441242786,-0.16692174030275103,0.3858280783354704,0.04052000814356546,0.060885122787247406,0.05914918078692704,0.2198221397022349,0.16343576507892574,0.23983634970983125,0.5758453500036469
