,0,1,2,3,4,5,6,7,8,9,tau
0,0.7991937481034754,0.2871019373191193,0.18091257609357206,0.13281580233662516,0.10514395827034066,0.08710645268971612,0.07439692588841884,0.06494934798275319,0.057646197650616335,0.4435913011897791,34.25746642382806
1,0.0,0.0,0.0,0.0,0.0,0.0,0.0,0.0,0.0,0.0,34.25746642382806
2,0.7991937481034782,0.2871019373191189,0.1809125760935727,0.13281580233662402,0.10514395827034204,0.08710645268971694,0.07439692588841945,0.06494934798275216,0.057646197650617015,0.4435913011897799,34.25746642382806
3,0.7991937481034778,0.2871019373191196,0.1809125760935717,0.13281580233662607,0.10514395827034133,0.08710645268971665,0.07439692588841929,0.06494934798275358,0.057646197650617174,0.44359130118978024,34.25746642382806
4,0.27742129401536886,0.21754933322032477,-0.4457383816376492,0.0027898240173495742,0.002782394865011817,-0.57886168715956,-0.34674005806935804,0.09413096090228455,-0.43398880556607317,0.15650891875491815,34.25746642382806
5,-0.3557670205677565,0.17725878458932282,0.15100202069408122,0.13157389019040439,0.11660731017758555,0.10471842171581511,-0.5147032152744967,-0.16379926959926785,0.5188601393014256,-0.46515287186489956,34.25746642382806
6,-0.3557670205677565,-0.4473718161452958,-0.5810411922692651,0.25607341996865307,0.16842900254384333,0.1260436392478843,0.10088386622634873,0.08417573130833443,0.3675514597323515,-0.2710964957664497,34.25746642382806
7,0.7991937481034782,0.2871019373191189,0.1809125760935727,0.13281580233662402,0.10514395827034204,0.08710645268971694,0.07439692588841945,0.06494934798275216,0.057646197650617015,0.4435913011897799,34.25746642382806
8,0.7991937481034782,0.2871019373191189,0.1809125760935727,0.13281580233662402,0.10514395827034204,0.08710645268971694,0.07439692588841945,0.06494934798275216,0.057646197650617015,0.4435913011897799,34.25746642382806
9,0.7991937481034782,0.2871019373191189,0.1809125760935727,0.13281580233662402,0.10514395827034204,0.08710645268971694,0.07439692588841945,0.06494934798275216,0.057646197650617015,0.4435913011897799,34.25746642382806
10,0.7991937481034778,0.2871019373191196,0.1809125760935717,0.13281580233662607,0.10514395827034133,0.08710645268971665,0.07439692588841929,0.06494934798275358,0.057646197650617174,0.44359130118978024,34.25746642382806
11,0.7991937481034778,0.2871019373191196,0.1809125760935717,0.13281580233662607,0.10514395827034133,0.08710645268971665,0.07439692588841929,0.06494934798275358,0.057646197650617174,0.44359130118978024,34.25746642382806
12,0.7991937481034778,0.2871019373191196,0.1809125760935717,0.13281580233662607,0.10514395827034133,0.08710645268971665,0.07439692588841929,0.06494934798275358,0.057646197650617174,0.44359130118978024,34.25746642382806
13,0.27742129401536714,0.21754933322032455,-0.44573838163765117,0.002789824017349155,0.002782394865011487,-0.5788616871595621,-0.34674005806935937,0.09413096090228465,-0.4339888055660748,0.15650891875491724,34.25746642382806
14,0.2774212940153699,0.2175493332203261,-0.44573838163765,0.0027898240173499862,0.0027823948650121688,-0.5788616871595614,-0.34674005806936,0.09413096090228461,-0.43398880556607344,0.15650891875491826,34.25746642382806
15,0.2774212940153699,0.21754933322032494,-0.4457383816376512,0.002789824017350173,0.0027823948650122343,-0.5788616871595613,-0.34674005806935876,0.09413096090228504,-0.4339888055660737,0.15650891875491862,34.25746642382806
16,-0.35576702056775644,0.17725878458932443,0.15100202069408053,0.131573890190405,0.1166073101775861,0.10471842171581373,-0.5147032152744998,-0.16379926959926816,0.5188601393014264,-0.46515287186490056,34.25746642382806
17,-0.3557670205677587,0.1772587845893226,0.15100202069408117,0.13157389019040436,0.11660731017758556,0.10471842171581515,-0.5147032152744978,-0.1637992695992683,0.5188601393014265,-0.4651528718649013,34.25746642382806
18,-0.3557670205677574,0.17725878458932268,0.15100202069408075,0.13157389019040525,0.1166073101775862,0.10471842171581565,-0.5147032152744977,-0.16379926959926805,0.5188601393014276,-0.46515287186490084,34.25746642382806
19,-0.35576702056775655,-0.44737181614529664,-0.5810411922692686,0.25607341996865407,0.168429002543844,0.12604363924788295,0.10088386622634801,0.08417573130833507,0.3675514597323514,-0.27109649576644995,34.25746642382806
20,-0.35576702056775766,-0.4473718161452964,-0.5810411922692661,0.256073419968654,0.168429002543844,0.12604363924788486,0.10088386622634804,0.08417573130833435,0.36755145973235337,-0.271096495766451,34.25746642382806
21,-0.3557670205677585,-0.4473718161452971,-0.5810411922692664,0.2560734199686533,0.16842900254384344,0.1260436392478844,0.10088386622634879,0.08417573130833446,0.367551459732352,-0.2710964957664509,34.25746642382806
22,0.7991937481034782,0.2871019373191189,0.1809125760935727,0.13281580233662402,0.10514395827034204,0.08710645268971694,0.07439692588841945,0.06494934798275216,0.057646197650617015,0.4435913011897799,34.25746642382806
23,0.7991937481034782,0.2871019373191189,0.1809125760935727,0.13281580233662402,0.10514395827034204,0.08710645268971694,0.07439692588841945,0.06494934798275216,0.057646197650617015,0.4435913011897799,34.25746642382806
24,0.7991937481034782,0.2871019373191189,0.1809125760935727,0.13281580233662402,0.10514395827034204,0.08710645268971694,0.07439692588841945,0.06494934798275216,0.057646197650617015,0.4435913011897799,34.25746642382806
25,0.7991937481034782,0.2871019373191189,0.1809125760935727,0.13281580233662402,0.10514395827034204,0.08710645268971694,0.07439692588841945,0.06494934798275216,0.057646197650617015,0.4435913011897799,34.25746642382806
26,0.7991937481034782,0.2871019373191189,0.1809125760935727,0.13281580233662402,0.10514395827034204,0.08710645268971694,0.07439692588841945,0.06494934798275216,0.057646197650617015,0.4435913011897799,34.25746642382806
27,0.7991937481034782,0.2871019373191189,0.1809125760935727,0.13281580233662402,0.10514395827034204,0.08710645268971694,0.07439692588841945,0.06494934798275216,0.057646197650617015,0.4435913011897799,34.25746642382806
28,0.7991937481034782,0.2871019373191189,0.1809125760935727,0.13281580233662402,0.10514395827034204,0.08710645268971694,0.07439692588841945,0.06494934798275216,0.057646197650617015,0.4435913011897799,34.25746642382806
29,0.7991937481034782,0.2871019373191189,0.1809125760935727,0.13281580233662402,0.10514395827034204,0.08710645268971694,0.07439692588841945,0.06494934798275216,0.057646197650617015,0.4435913011897799,34.25746642382806
30,0.7991937481034782,0.2871019373191189,0.1809125760935727,0.13281580233662402,0.10514395827034204,0.08710645268971694,0.07439692588841945,0.06494934798275216,0.057646197650617015,0.4435913011897799,34.25746642382806
31,0.7991937481034778,0.2871019373191196,0.1809125760935717,0.13281580233662607,0.10514395827034133,0.08710645268971665,0.07439692588841929,0.06494934798275358,0.057646197650617174,0.44359130118978024,34.25746642382806
32,0.7991937481034778,0.2871019373191196,0.1809125760935717,0.13281580233662607,0.10514395827034133,0.08710645268971665,0.07439692588841929,0.06494934798275358,0.057646197650617174,0.44359130118978024,34.25746642382806
33,0.7991937481034778,0.2871019373191196,0.1809125760935717,0.13281580233662607,0.10514395827034133,0.08710645268971665,0.07439692588841929,0.06494934798275358,0.057646197650617174,0.44359130118978024,34.25746642382806
34,0.7991937481034778,0.2871019373191196,0.1809125760935717,0.13281580233662607,0.10514395827034133,0.08710645268971665,0.07439692588841929,0.06494934798275358,0.057646197650617174,0.44359130118978024,34.25746642382806
35,0.7991937481034778,0.2871019373191196,0.1809125760935717,0.13281580233662607,0.10514395827034133,0.08710645268971665,0.07439692588841929,0.06494934798275358,0.057646197650617174,0.44359130118978024,34.25746642382806
36,0.7991937481034778,0.2871019373191196,0.1809125760935717,0.13281580233662607,0.10514395827034133,0.08710645268971665,0.07439692588841929,0.06494934798275358,0.057646197650617174,0.44359130118978024,34.25746642382806
37,0.7991937481034778,0.2871019373191196,0.1809125760935717,0.13281580233662607,0.10514395827034133,0.08710645268971665,0.07439692588841929,0.06494934798275358,0.057646197650617174,0.44359130118978024,34.25746642382806
38,0.7991937481034778,0.2871019373191196,0.1809125760935717,0.13281580233662607,0.10514395827034133,0.08710645268971665,0.07439692588841929,0.06494934798275358,0.057646197650617174,0.44359130118978024,34.25746642382806
39,0.7991937481034778,0.2871019373191196,0.1809125760935717,0.13281580233662607,0.10514395827034133,0.08710645268971665,0.07439692588841929,0.06494934798275358,0.057646197650617174,0.44359130118978024,34.25746642382806
