,0,1,2,3,4,5,6,7,8,9,tau
0,0.7979989992972281,0.2866727363929393,0.18064212217068315,0.13261725033134605,0.10498677408449628,0.08697623353996121,0.07428570675212737,0.06485225243345358,0.057560019892105074,0.4429281576419025,7.198066875045586
1,0.0,0.0,0.0,0.0,0.0,0.0,0.0,0.0,0.0,0.0,7.198066875045586
2,0.799566971513716,0.28643292953009397,0.181014394513249,0.1319662564827166,0.105758999117482,0.08744052837672055,0.07462822690849401,0.06426950639240864,0.057941202036496754,0.44336767453874076,7.198066875045586
3,0.7992668895008572,0.2868180231428222,0.1804433124232851,0.13313390624818633,0.10536250007541566,0.0872744081167526,0.07453380489601809,0.06506506222213869,0.05803314868892985,0.4435604301038525,7.198066875045586
4,0.2770065650955806,0.21722410944726375,-0.4450720283276743,0.0027856533904864734,0.0027782353443054344,-0.5779963221446842,-0.34622170157390325,0.09399024051572452,-0.43334001719828974,0.1562749468997904,7.198066875045586
5,-0.3552351692812143,0.17699379287512634,0.1507762813356422,0.1313771947725391,0.11643298893825536,0.10456187368270796,-0.5139337634945246,-0.16355439908785263,0.5180844731585026,-0.4644574950057814,7.198066875045586
6,-0.3552351692812143,-0.4467030209444368,-0.5801725690192816,0.2556906048959054,0.16817721084726855,0.12585521123792553,0.1007330506337223,0.08404989341891861,0.3670019913852932,-0.2706912220572104,7.198066875045586
7,0.7995692333542529,0.2864340775727273,0.18101345293922752,0.1319665068872803,0.10575920135647854,0.08743903437917482,0.07462737287560074,0.06426989352544932,0.057940067954757916,0.4433689364008006,7.198066875045586
8,0.7995687777719465,0.28643409075531534,0.1810151941390359,0.1319668756980914,0.10575951419845468,0.08744096826062792,0.07462758302215748,0.06426942344040072,0.057942251951292614,0.44336822411369425,7.198066875045586
9,0.7995689658211456,0.28643315614307585,0.18101408284737086,0.13196706563036972,0.10575959147783229,0.08744099798922995,0.074628617508031,0.06426983865044329,0.057941946306654606,0.4433686678409432,7.198066875045586
10,0.7992682864115941,0.2868187329728569,0.18044272929938093,0.13313406219069931,0.10536262450411173,0.08727348403064393,0.07453327661020485,0.06506530239151627,0.05803244748323695,0.44356120984160086,7.198066875045586
11,0.7992680051143843,0.2868187414611095,0.1804438055075083,0.1331342910787415,0.10536281764486147,0.08727467964515963,0.07453340679095545,0.06506501243015005,0.05803379769890129,0.4435607700472125,7.198066875045586
12,0.7992681209758976,0.28681816370616514,0.18044311846118824,0.1331344086082808,0.1053628653810056,0.08727469801142262,0.07453404609940505,0.06506526911465507,0.05803360890647169,0.44356104408991015,7.198066875045586
13,0.2760548448753815,0.21709626207665075,-0.44621081037987326,0.0025488451635756965,0.002591807406506396,-0.5792059812383581,-0.3469867564370726,0.09404287161104705,-0.43423298277985645,0.1557512835812056,7.198066875045586
14,0.2776231314389257,0.2179764215321431,-0.4455598109107909,0.003018361324181059,0.0029768187107981838,-0.578824298194572,-0.3473235006692872,0.094018766793205,-0.43349270859244315,0.15633395637397166,7.198066875045586
15,0.277620566342923,0.21732422905265947,-0.44623732315509934,0.003123929618828467,0.003013670152967097,-0.5787497289879387,-0.34663409798797656,0.09426512247749462,-0.43364474168639094,0.15654834576647766,7.198066875045586
16,-0.35518472376456894,0.17791203455260882,0.1503818167207144,0.13173516516028116,0.1167453873852359,0.1037805384237768,-0.5156895970342057,-0.16372300221457614,0.5184847762758695,-0.46502633861104137,7.198066875045586
17,-0.3564747743701282,0.17687522205980805,0.15074366448545107,0.1313754383212424,0.11644492948678598,0.10458045770281932,-0.5145649678242853,-0.16379961257534523,0.5185782790371127,-0.4654322443683698,7.198066875045586
18,-0.35573762493387895,0.1769270963132016,0.15049852240472536,0.1318646838773067,0.11680292378447271,0.10486652947612982,-0.5145197993043231,-0.16367293542496708,0.5191867117104814,-0.4651798932416597,7.198066875045586
19,-0.3552715007218657,-0.4471568588039624,-0.5821335124468761,0.2562522013842931,0.1685525070322056,0.12508007760931472,0.10032603972883394,0.08440926671933208,0.3669791188190635,-0.27085780901744355,7.198066875045586
20,-0.35587851074596616,-0.4470350974308797,-0.5807408781859251,0.2562113774088766,0.168556851045015,0.12616034383134336,0.1003355657596633,0.08400440839914136,0.3680680343975075,-0.271434645274237,7.198066875045586
21,-0.3563552091300838,-0.44741464617984683,-0.5809104803035607,0.2558095032427617,0.16823815052132507,0.12589264039326434,0.1007584678246345,0.08406831154758519,0.3673017374214711,-0.2713841530974419,7.198066875045586
22,0.7995692374725211,0.286434079663541,0.18101345121949933,0.13196650734191043,0.10575920172487273,0.08743903165280965,0.07462737131686323,0.0642698942304266,0.057940065885325645,0.4433689386979781,7.198066875045586
23,0.7995692366412269,0.28643407968683327,0.1810134543930032,0.13196650801493479,0.10575920229289844,0.08743903517783064,0.074627371703266,0.0642698933756354,0.05794006986352821,0.4433689374016749,7.198066875045586
24,0.799569236983302,0.28643407798681103,0.18101345237095617,0.13196650836075619,0.10575920243333167,0.08743903523152179,0.07462737358498028,0.06426989413125778,0.057940069307231744,0.443368938209013,7.198066875045586
25,0.7995687802022018,0.28643409198830305,0.18101519312687867,0.13196687596650086,0.1057595144159431,0.08744096665504786,0.07462758210466823,0.06426942385609882,0.057942250732285046,0.4433682254694362,7.198066875045586
26,0.7995687797120337,0.2864340920038412,0.18101519499842017,0.13196687636426674,0.10575951475166677,0.08744096873322024,0.07462758232933245,0.06426942335150217,0.05794225308004156,0.44336822470368775,7.198066875045586
27,0.7995687799140234,0.28643409099966427,0.18101519380439202,0.13196687656824047,0.10575951483440069,0.08744096876494414,0.07462758344108827,0.06426942379779808,0.05794225275106511,0.4433682251807078,7.198066875045586
28,0.7995689680172227,0.28643315725762103,0.18101408193287702,0.1319670658728462,0.10575959167433178,0.08744099653808504,0.07462861667846364,0.06426983902599195,0.05794194520500511,0.4433686690659414,7.198066875045586
29,0.7995689675744083,0.28643315727062085,0.18101408362326704,0.13196706623224766,0.10575959197761234,0.08744099841615781,0.07462861688287611,0.06426983857041933,0.05794194732597295,0.4433686683745586,7.198066875045586
30,0.7995689677569515,0.2864331563632269,0.18101408254411697,0.13196706641696299,0.10575959205267113,0.08744099844506777,0.07462861788720705,0.06426983897368545,0.057941947029440465,0.44336866880534725,7.198066875045586
31,0.7992682889560204,0.2868187342662334,0.180442728234281,0.13313406247468965,0.1053626247306959,0.08727348234433098,0.07453327564605929,0.06506530282941697,0.05803244620383775,0.4435612112618398,7.198066875045586
32,0.7992682884430927,0.2868187342810217,0.18044273019674212,0.13313406289101265,0.10536262508205353,0.0872734845240161,0.0745332758850782,0.06506530230097857,0.05803244866369195,0.44356121046091507,7.198066875045586
33,0.7992682886539776,0.2868187332296516,0.18044272894634253,0.1331340631047344,0.105362625168803,0.08727348455714538,0.07453327704850814,0.06506530276813886,0.058032448319680977,0.4435612109597561,7.198066875045586
34,0.7992680066151251,0.2868187422234476,0.1804438048809517,0.13313429124632306,0.10536281777856084,0.08727467865257978,0.07453340622373769,0.06506501268823457,0.058033796945649696,0.4435607708849788,7.198066875045586
35,0.7992680063128368,0.286818742233278,0.1804438060377049,0.1331342914922475,0.10536281798612104,0.08727467993695644,0.07453340636263929,0.06506501237644643,0.05803379839660543,0.44356077041209996,7.198066875045586
36,0.7992680064372968,0.286818741612566,0.1804438052997136,0.1331342916182423,0.10536281803720168,0.08727467995652143,0.07453340704966809,0.06506501265222704,0.05803379819327202,0.44356077070669275,7.198066875045586
37,0.7992681223324289,0.28681816439547597,0.18044311789492126,0.13313440875971605,0.10536286550183786,0.08727469711405036,0.07453404558639125,0.06506526934788197,0.05803360822553698,0.4435610448471086,7.198066875045586
38,0.7992681220592625,0.2868181644037184,0.18044311894001794,0.1331344089819875,0.10536286568939536,0.08727469827510217,0.07453404571280864,0.06506526906630275,0.058033609536721015,0.4435610444200271,7.198066875045586
39,0.7992681221717741,0.2868181638426647,0.18044311827283221,0.1331344090961196,0.10536286573575158,0.08727469829293752,0.07453404633363615,0.0650652693155671,0.058033609353386285,0.4435610446861475,7.198066875045586
