,0,1,2,3,4,tau
0,0.9234066189437609,0.1988024235850734,0.11902535215593726,0.08556112740732767,0.2937857578040329,34.25746642382806
1,0.0,0.0,0.0,0.0,0.0,34.25746642382806
2,0.9234066189437633,0.1988024235850739,0.11902535215593861,0.08556112740733028,0.2937857578040328,34.25746642382806
3,0.9234066189437632,0.19880242358507444,0.11902535215593789,0.08556112740732819,0.2937857578040336,34.25746642382806
4,0.37926076837370626,-0.4898572495062202,-0.6331698951844369,0.43740138512700466,-0.15484526728282083,34.25746642382806
5,-0.38837619560272935,0.8385740866904295,-0.1802862631203953,-0.23405957726329973,0.24221975444184174,34.25746642382806
6,-0.9271504993362237,0.1859924045453409,0.11448906569686976,0.13604534687693545,-0.272365002269051,34.25746642382806
7,0.9234066189437633,0.1988024235850739,0.11902535215593861,0.08556112740733028,0.2937857578040328,34.25746642382806
8,0.9234066189437633,0.1988024235850739,0.11902535215593861,0.08556112740733028,0.2937857578040328,34.25746642382806
9,0.9234066189437633,0.1988024235850739,0.11902535215593861,0.08556112740733028,0.2937857578040328,34.25746642382806
10,0.9234066189437632,0.19880242358507444,0.11902535215593789,0.08556112740732819,0.2937857578040336,34.25746642382806
11,0.9234066189437632,0.19880242358507444,0.11902535215593789,0.08556112740732819,0.2937857578040336,34.25746642382806
12,0.9234066189437632,0.19880242358507444,0.11902535215593789,0.08556112740732819,0.2937857578040336,34.25746642382806
13,0.37926076837370454,-0.48985724950622245,-0.6331698951844393,0.4374013851270058,-0.15484526728282225,34.25746642382806
14,0.37926076837370815,-0.48985724950621984,-0.6331698951844396,0.4374013851270059,-0.15484526728282041,34.25746642382806
15,0.37926076837370754,-0.4898572495062211,-0.6331698951844384,0.4374013851270063,-0.15484526728282122,34.25746642382806
16,-0.3883761956027285,0.8385740866904323,-0.180286263120398,-0.23405957726329932,0.24221975444184288,34.25746642382806
17,-0.38837619560273234,0.8385740866904311,-0.18028626312039597,-0.23405957726330046,0.24221975444184163,34.25746642382806
18,-0.3883761956027308,0.8385740866904319,-0.18028626312039545,-0.23405957726329998,0.24221975444184213,34.25746642382806
19,-0.9271504993362255,0.18599240454534233,0.11448906569686955,0.13604534687693867,-0.27236500226905225,34.25746642382806
20,-0.9271504993362266,0.18599240454534163,0.11448906569686862,0.1360453468769343,-0.2723650022690512,34.25746642382806
21,-0.9271504993362263,0.1859924045453409,0.11448906569686976,0.13604534687693554,-0.2723650022690518,34.25746642382806
22,0.9234066189437633,0.1988024235850739,0.11902535215593861,0.08556112740733028,0.2937857578040328,34.25746642382806
23,0.9234066189437633,0.1988024235850739,0.11902535215593861,0.08556112740733028,0.2937857578040328,34.25746642382806
24,0.9234066189437633,0.1988024235850739,0.11902535215593861,0.08556112740733028,0.2937857578040328,34.25746642382806
25,0.9234066189437633,0.1988024235850739,0.11902535215593861,0.08556112740733028,0.2937857578040328,34.25746642382806
26,0.9234066189437633,0.1988024235850739,0.11902535215593861,0.08556112740733028,0.2937857578040328,34.25746642382806
27,0.9234066189437633,0.1988024235850739,0.11902535215593861,0.08556112740733028,0.2937857578040328,34.25746642382806
28,0.9234066189437633,0.1988024235850739,0.11902535215593861,0.08556112740733028,0.2937857578040328,34.25746642382806
29,0.9234066189437633,0.1988024235850739,0.11902535215593861,0.08556112740733028,0.2937857578040328,34.25746642382806
30,0.9234066189437633,0.1988024235850739,0.11902535215593861,0.08556112740733028,0.2937857578040328,34.25746642382806
31,0.9234066189437632,0.19880242358507444,0.11902535215593789,0.08556112740732819,0.2937857578040336,34.25746642382806
32,0.9234066189437632,0.19880242358507444,0.11902535215593789,0.08556112740732819,0.2937857578040336,34.25746642382806
33,0.9234066189437632,0.19880242358507444,0.11902535215593789,0.08556112740732819,0.2937857578040336,34.25746642382806
34,0.9234066189437632,0.19880242358507444,0.11902535215593789,0.08556112740732819,0.2937857578040336,34.25746642382806
35,0.9234066189437632,0.19880242358507444,0.11902535215593789,0.08556112740732819,0.2937857578040336,34.25746642382806
36,0.9234066189437632,0.19880242358507444,0.11902535215593789,0.08556112740732819,0.2937857578040336,34.25746642382806
37,0.9234066189437632,0.19880242358507444,0.11902535215593789,0.08556112740732819,0.2937857578040336,34.25746642382806
38,0.9234066189437632,0.19880242358507444,0.11902535215593789,0.08556112740732819,0.2937857578040336,34.25746642382806
39,0.9234066189437632,0.19880242358507444,0.11902535215593789,0.08556112740732819,0.2937857578040336,34.25746642382806
