,0,1,tau
0,0.9999999999999973,0.0,34.25746642382806
1,0.0,0.0,34.25746642382806
2,1.0,1.5298214164364372e-15,34.25746642382806
3,1.0,-1.5298214164364372e-15,34.25746642382806
4,5.484587204896746e-78,0.9999999999999973,34.25746642382806
5,-0.9999999999999973,1.0969174409793492e-77,34.25746642382806
6,1.809091260568745e-77,-0.9999999999999973,34.25746642382806
7,1.0,1.529821416436442e-15,34.25746642382806
8,1.0,1.5298214164364372e-15,34.25746642382806
9,1.0,1.5298214164364325e-15,34.25746642382806
10,1.0,-1.5298214164364325e-15,34.25746642382806
11,1.0,-1.5298214164364372e-15,34.25746642382806
12,1.0,-1.529821416436442e-15,34.25746642382806
13,-2.649728419774895e-15,1.0,34.25746642382806
14,5.484587204896792e-78,1.0,34.25746642382806
15,2.649728419774895e-15,1.0,34.25746642382806
16,-1.0,-2.649728419774895e-15,34.25746642382806
17,-1.0,1.0969174409793507e-77,34.25746642382806
18,-1.0,2.649728419774895e-15,34.25746642382806
19,2.649728419774895e-15,-1.0,34.25746642382806
20,1.8090912605687512e-77,-1.0,34.25746642382806
21,-2.649728419774895e-15,-1.0,34.25746642382806
22,1.0,1.529821416436442e-15,34.25746642382806
23,1.0,1.529821416436442e-15,34.25746642382806
24,1.0,1.529821416436442e-15,34.25746642382806
25,1.0,1.5298214164364372e-15,34.25746642382806
26,1.0,1.5298214164364372e-15,34.25746642382806
27,1.0,1.5298214164364372e-15,34.25746642382806
28,1.0,1.5298214164364325e-15,34.25746642382806
29,1.0,1.5298214164364325e-15,34.25746642382806
30,1.0,1.5298214164364325e-15,34.25746642382806
31,1.0,-1.5298214164364325e-15,34.25746642382806
32,1.0,-1.5298214164364325e-15,34.25746642382806
33,1.0,-1.5298214164364325e-15,34.25746642382806
34,1.0,-1.5298214164364372e-15,34.25746642382806
35,1.0,-1.5298214164364372e-15,34.25746642382806
36,1.0,-1.5298214164364372e-15,34.25746642382806
37,1.0,-1.529821416436442e-15,34.25746642382806
38,1.0,-1.529821416436442e-15,34.25746642382806
39,1.0,-1.529821416436442e-15,34.25746642382806
