,0,1,tau
0,0.9737924435951941,0.0,4.321664287795376
1,0.0,0.0,4.321664287795376
2,0.9994126193723214,0.015320138284094249,4.321664287795376
3,0.9994126193723214,-0.015320138284094249,4.321664287795376
4,-0.0,0.9737924435951941,4.321664287795376
5,-0.9737924435951941,-0.0,4.321664287795376
6,0.0,-0.9737924435951941,4.321664287795376
7,0.9998624284316707,0.01580424933610747,4.321664287795376
8,0.9998762330141259,0.015330847566082639,4.321664287795376
9,0.99987722415322,0.01486444729449872,4.321664287795376
10,0.99987722415322,-0.01486444729449872,4.321664287795376
11,0.9998762330141259,-0.015330847566082639,4.321664287795376
12,0.9998624284316707,-0.01580424933610747,4.321664287795376
13,-0.02652279602398037,0.9989432610850183,4.321664287795376
14,-0.0,0.999647463952522,4.321664287795376
15,0.02652279602398037,0.9989432610850183,4.321664287795376
16,-0.9989432610850183,-0.02652279602398037,4.321664287795376
17,-0.999647463952522,-0.0,4.321664287795376
18,-0.9989432610850183,0.02652279602398037,4.321664287795376
19,0.02652279602398037,-0.9989432610850183,4.321664287795376
20,0.0,-0.999647463952522,4.321664287795376
21,-0.02652279602398037,-0.9989432610850183,4.321664287795376
22,0.9998745502634938,0.015817459425222516,4.321664287795376
23,0.9998749308784551,0.015804617843124744,4.321664287795376
24,0.9998749690737693,0.01579211238680701,4.321664287795376
25,0.999882212740886,0.015337180975510758,4.321664287795376
26,0.9998823913044331,0.015330942624734757,4.321664287795376
27,0.9998824041299392,0.015324703001706928,4.321664287795376
28,0.9998890192364397,0.014876595091731443,4.321664287795376
29,0.9998893544449547,0.014864466902357812,4.321664287795376
30,0.9998893676017542,0.014852012707200097,4.321664287795376
31,0.9998893676017542,-0.014852012707200097,4.321664287795376
32,0.9998893544449547,-0.014864466902357812,4.321664287795376
33,0.9998890192364397,-0.014876595091731443,4.321664287795376
34,0.9998824041299392,-0.015324703001706928,4.321664287795376
35,0.9998823913044331,-0.015330942624734757,4.321664287795376
36,0.999882212740886,-0.015337180975510758,4.321664287795376
37,0.9998749690737693,-0.01579211238680701,4.321664287795376
38,0.9998749308784551,-0.015804617843124744,4.321664287795376
39,0.9998745502634938,-0.015817459425222516,4.321664287795376
