,0,1,2,3,4,tau
0,0.922026179021299,0.1985052253664675,0.1188474160825646,0.08543321843021962,0.2933465649496571,7.198066875045586
1,0.0,0.0,0.0,0.0,0.0,7.198066875045586
2,0.9233553344620704,0.19878538883328445,0.11960367966634801,0.08690832465811633,0.2933199463544102,7.198066875045586
3,0.9233095030465281,0.19908936412839767,0.11919964828259962,0.08572932784763292,0.29377291242557896,7.198066875045586
4,0.37869379528195457,-0.4891249410197388,-0.6322233425140508,0.43674749514854627,-0.15461378249120686,7.198066875045586
5,-0.38779559547019277,0.8373204665371177,-0.1800167454994716,-0.23370967162253398,0.24185764980431726,7.198066875045586
6,-0.9257644625273493,0.18571435657033009,0.11431791111152143,0.13584196688783706,-0.27195783221536046,7.198066875045586
7,0.9233580753772853,0.19878439324752087,0.11960214164606914,0.08690969718301425,0.2933200531573758,7.198066875045586
8,0.9233569872065425,0.19878757173587489,0.11960363622624703,0.08690808891007772,0.29332119571468923,7.198066875045586
9,0.9233573116444748,0.1987862886417047,0.11960422423190312,0.08690878535057764,0.2933206016907694,7.198066875045586
10,0.9233109245229496,0.19908884883941708,0.11919885114695813,0.08573003802466148,0.2937729686141401,7.198066875045586
11,0.9233103590141593,0.1990904966991803,0.11919962501742015,0.08572920381170651,0.293773560749243,7.198066875045586
12,0.9233105281969226,0.19908983117448523,0.1191999299102346,0.0857295646298502,0.2937732530270339,7.198066875045586
13,0.37771165746225877,-0.49036269525610593,-0.6335747636550213,0.4373788640360473,-0.15542100810929066,7.198066875045586
14,0.3797503776745772,-0.48891320335299476,-0.6336902250597737,0.43743702398877066,-0.15438661679644125,7.198066875045586
15,0.37940047720204684,-0.4896221939258531,-0.6330878427039941,0.4376639359724822,-0.15483235736614356,7.198066875045586
16,-0.3873332212484472,0.8388683349810804,-0.18153552717353288,-0.23347446926785556,0.24249129375443337,7.198066875045586
17,-0.38948264778071323,0.838140764977857,-0.18040133042612402,-0.23412019190570652,0.2417903417793158,7.198066875045586
18,-0.3886020759400926,0.8386073227029535,-0.18009665273968678,-0.23385476996754642,0.24207630681958014,7.198066875045586
19,-0.9267593711524531,0.18650809929001602,0.11419749648597162,0.13764700761590215,-0.27265113361302257,7.198066875045586
20,-0.9274452667428155,0.18610794590216145,0.11367171927119767,0.1351828326889519,-0.27204705502491233,7.198066875045586
21,-0.9272396645202058,0.18570368591130212,0.11431401643313785,0.1358819470435019,-0.2724091755025694,7.198066875045586
22,0.9233580803174113,0.1987843914498376,0.11960213887058675,0.08690969966024413,0.2933200533479183,7.198066875045586
23,0.9233580783558102,0.19878439717884436,0.11960214156701088,0.08690969675823511,0.2933200554080962,7.198066875045586
24,0.9233580789407653,0.19878439486660757,0.11960214262362495,0.08690969801173506,0.2933200543383582,7.198066875045586
25,0.9233569907323128,0.19878757045649267,0.11960363425066015,0.08690809067518716,0.2933211958524851,7.198066875045586
26,0.9233569893319792,0.19878757454834967,0.1196036361693993,0.08690808860521723,0.2933211973236406,7.198066875045586
27,0.9233569897501103,0.19878757289515095,0.11960363692580117,0.08690808950054986,0.2933211965590309,7.198066875045586
28,0.9233573138329384,0.1987862878472699,0.11960422300474861,0.08690878644647988,0.2933206017761591,7.198066875045586
29,0.9233573129640121,0.19878629038578854,0.11960422419695095,0.08690878516180138,0.29332060268884086,7.198066875045586
30,0.9233573132233134,0.19878628936045772,0.1196042246663894,0.08690878571742415,0.2933206022144734,7.198066875045586
31,0.9233109270837597,0.19908884790886167,0.11919884970813714,0.08573003930581419,0.29377296871422076,7.198066875045586
32,0.9233109260649166,0.19908885087681194,0.11919885110496546,0.08573003780191157,0.29377296978092343,7.198066875045586
33,0.9233109263695031,0.19908884967905194,0.11919885165264299,0.0857300384515492,0.29377296922711527,7.198066875045586
34,0.9233103608440513,0.19909049603610401,0.11919962399200588,0.08572920472568672,0.2937735608216937,7.198066875045586
35,0.9233103601158378,0.19909049815852345,0.11919962498719257,0.08572920365165632,0.2937735615843532,7.198066875045586
36,0.923310360333825,0.19909049730109818,0.11919962537973976,0.08572920411623927,0.29377356118802483,7.198066875045586
37,0.9233105293318925,0.19908983076305684,0.11919992927376745,0.08572956519688645,0.2937732530718979,7.198066875045586
38,0.9233105288803651,0.1990898320787794,0.11919992989165894,0.08572956453081475,0.293773253544684,7.198066875045586
39,0.9233105290154476,0.19908983154739554,0.11919993013509861,0.08572956481890763,0.29377325329898507,7.198066875045586
