,0,1,tau
0,0.9985050573667716,0.0,7.198066875045586
1,0.0,0.0,7.198066875045586
2,0.9999981348376826,0.0008637490665884173,7.198066875045586
3,0.9999981348376826,-0.0008637490665884173,7.198066875045586
4,4.560089397570926e-309,0.9985050573667716,7.198066875045586
5,-0.9985050573667716,9.120178795141857e-309,7.198066875045586
6,8.53720681462759e-309,-0.9985050573667716,7.198066875045586
7,0.9999996234422881,0.000865243772218376,7.198066875045586
8,0.9999996258508759,0.0008637509988666637,7.198066875045586
9,0.9999996260238048,0.0008622595124092252,7.198066875045586
10,0.9999996260238048,-0.0008622595124092252,7.198066875045586
11,0.9999996258508759,-0.0008637509988666637,7.198066875045586
12,0.9999996234422881,-0.000865243772218376,7.198066875045586
13,-0.0014960550360136992,0.9999966427133391,7.198066875045586
14,4.57672339320896e-309,0.9999988809015241,7.198066875045586
15,0.0014960550360136992,0.9999966427133391,7.198066875045586
16,-0.9999966427133391,-0.0014960550360136992,7.198066875045586
17,-0.9999988809015241,9.12699075638126e-309,7.198066875045586
18,-0.9999966427133391,0.0014960550360136992,7.198066875045586
19,0.0014960550360136992,-0.9999966427133391,7.198066875045586
20,8.55681136274031e-309,-0.9999988809015241,7.198066875045586
21,-0.0014960550360136992,-0.9999966427133391,7.198066875045586
22,0.9999996256712519,0.0008652460117415589,7.198066875045586
23,0.9999996256748629,0.0008652437758228277,7.198066875045586
24,0.9999996256751282,0.0008652415432466537,7.198066875045586
25,0.9999996269644016,0.0008637521159884233,7.198066875045586
26,0.9999996269662006,0.0008637509998303875,7.198066875045586
27,0.9999996269663298,0.0008637498836716305,7.198066875045586
28,0.9999996282489437,0.0008622617413867398,7.198066875045586
29,0.9999996282525289,0.0008622595126640042,7.198066875045586
30,0.9999996282527801,0.0008622572806044808,7.198066875045586
31,0.9999996282527801,-0.0008622572806044808,7.198066875045586
32,0.9999996282525289,-0.0008622595126640042,7.198066875045586
33,0.9999996282489437,-0.0008622617413867398,7.198066875045586
34,0.9999996269663298,-0.0008637498836716305,7.198066875045586
35,0.9999996269662006,-0.0008637509998303875,7.198066875045586
36,0.9999996269644016,-0.0008637521159884233,7.198066875045586
37,0.9999996256751282,-0.0008652415432466537,7.198066875045586
38,0.9999996256748629,-0.0008652437758228277,7.198066875045586
39,0.9999996256712519,-0.0008652460117415589,7.198066875045586
