,0,1,tau
0,0.9999999999048919,0.0,23.76915358287457
1,0.0,0.0,23.76915358287457
2,1.0,5.491071866618367e-11,23.76915358287457
3,1.0,-5.491071866618367e-11,23.76915358287457
4,-0.0,0.9999999999048919,23.76915358287457
5,-0.9999999999048919,-0.0,23.76915358287457
6,0.0,-0.9999999999048919,23.76915358287457
7,1.0,5.4910718672214046e-11,23.76915358287457
8,1.0,5.491071866618367e-11,23.76915358287457
9,1.0,5.49107186601533e-11,23.76915358287457
10,1.0,-5.49107186601533e-11,23.76915358287457
11,1.0,-5.491071866618367e-11,23.76915358287457
12,1.0,-5.4910718672214046e-11,23.76915358287457
13,-9.510815460995086e-11,1.0,23.76915358287457
14,-0.0,1.0,23.76915358287457
15,9.510815460995086e-11,1.0,23.76915358287457
16,-1.0,-9.510815460995086e-11,23.76915358287457
17,-1.0,-0.0,23.76915358287457
18,-1.0,9.510815460995086e-11,23.76915358287457
19,9.510815460995086e-11,-1.0,23.76915358287457
20,0.0,-1.0,23.76915358287457
21,-9.510815460995086e-11,-1.0,23.76915358287457
22,1.0,5.4910718672214046e-11,23.76915358287457
23,1.0,5.4910718672214046e-11,23.76915358287457
24,1.0,5.4910718672214046e-11,23.76915358287457
25,1.0,5.491071866618367e-11,23.76915358287457
26,1.0,5.491071866618367e-11,23.76915358287457
27,1.0,5.491071866618367e-11,23.76915358287457
28,1.0,5.49107186601533e-11,23.76915358287457
29,1.0,5.49107186601533e-11,23.76915358287457
30,1.0,5.49107186601533e-11,23.76915358287457
31,1.0,-5.49107186601533e-11,23.76915358287457
32,1.0,-5.49107186601533e-11,23.76915358287457
33,1.0,-5.49107186601533e-11,23.76915358287457
34,1.0,-5.491071866618367e-11,23.76915358287457
35,1.0,-5.491071866618367e-11,23.76915358287457
36,1.0,-5.491071866618367e-11,23.76915358287457
37,1.0,-5.4910718672214046e-11,23.76915358287457
38,1.0,-5.4910718672214046e-11,23.76915358287457
39,1.0,-5.4910718672214046e-11,23.76915358287457
