,0,1,tau
0,0.9985050573667716,0.0,7.198066875045586
1,0.0,0.0,7.198066875045586
2,0.9999981348376826,0.0008637490665884636,7.198066875045586
3,0.9999981348376826,-0.0008637490665884631,7.198066875045586
4,6.114080112183306e-17,0.9985050573667716,7.198066875045586
5,-0.9985050573667716,1.2228160224366613e-16,7.198066875045586
6,-1.8342240336549915e-16,-0.9985050573667716,7.198066875045586
7,0.9999996234422883,0.0008652437722182803,7.198066875045586
8,0.9999996258508761,0.0008637509988667101,7.198066875045586
9,0.9999996260238049,0.0008622595124094135,7.198066875045586
10,0.9999996260238049,-0.000862259512409413,7.198066875045586
11,0.9999996258508761,-0.0008637509988667095,7.198066875045586
12,0.9999996234422883,-0.0008652437722182798,7.198066875045586
13,-0.0014960550360137183,0.9999966427133392,7.198066875045586
14,6.114066427675494e-17,0.9999988809015242,7.198066875045586
15,0.0014960550360138404,0.9999966427133392,7.198066875045586
16,-0.9999966427133392,-0.001496055036013657,7.198066875045586
17,-0.9999988809015242,1.2237293570910428e-16,7.198066875045586
18,-0.9999966427133392,0.0014960550360139018,7.198066875045586
19,0.0014960550360135956,-0.9999966427133392,7.198066875045586
20,-1.8360520714145356e-16,-0.9999988809015242,7.198066875045586
21,-0.001496055036013962,-0.9999966427133392,7.198066875045586
22,0.999999625671252,0.0008652460117412885,7.198066875045586
23,0.9999996256748629,0.0008652437758227317,7.198066875045586
24,0.9999996256751283,0.0008652415432467314,7.198066875045586
25,0.9999996269644016,0.0008637521159884597,7.198066875045586
26,0.9999996269662006,0.0008637509998304337,7.198066875045586
27,0.9999996269663298,0.0008637498836716865,7.198066875045586
28,0.9999996282489438,0.0008622617413868358,7.198066875045586
29,0.999999628252529,0.0008622595126641926,7.198066875045586
30,0.9999996282527802,0.0008622572806047617,7.198066875045586
31,0.9999996282527802,-0.0008622572806047612,7.198066875045586
32,0.999999628252529,-0.000862259512664192,7.198066875045586
33,0.9999996282489438,-0.0008622617413868353,7.198066875045586
34,0.9999996269663298,-0.000863749883671686,7.198066875045586
35,0.9999996269662006,-0.0008637509998304331,7.198066875045586
36,0.9999996269644016,-0.0008637521159884591,7.198066875045586
37,0.9999996256751283,-0.0008652415432467309,7.198066875045586
38,0.9999996256748629,-0.0008652437758227312,7.198066875045586
39,0.999999625671252,-0.0008652460117412879,7.198066875045586
